"Strain"	"aspA"	"glnA"	"gltA"	"glyA"	"pgm"	"tkt"	"uncA"
"06_2855"	"06_2855"	2	1	1	3	2	1	3
"06_2866"	"06_2866"	4	7	10	4	1	7	1
"06_3245"	"06_3245"	1	2	3	3	5	9	3
"06_3569"	"06_3569"	1	2	3	3	5	9	3
"06_3783"	"06_3783"	9	2	4	62	4	5	17
"06_3849"	"06_3849"	9	2	4	62	4	5	17
"06_3851"	"06_3851"	9	2	4	62	4	5	17
"06_3852"	"06_3852"	9	2	4	62	4	5	17
"06_4734"	"06_4734"	1	1	2	83	2	3	6
"06_4911"	"06_4911"	4	7	10	4	1	7	1
"06_5176"	"06_5176"	168	17	10	4	1	7	1
"06_5790"	"06_5790"	2	1	1	3	2	1	5
"06_6211"	"06_6211"	7	1	2	83	2	3	6
"06_6212"	"06_6212"	4	7	10	4	1	7	1
"06_6554"	"06_6554"	9	2	4	62	4	5	17
"06_7331"	"06_7331"	2	21	1	3	2	1	5
"06_7332"	"06_7332"	2	1	1	3	2	1	5
"06_7515"	"06_7515"	1	2	3	4	5	9	3
"06_7585"	"06_7585"	4	7	10	4	1	7	1
"06_7656"	"06_7656"	2	21	5	2	59	1	5
"07_0549"	"07_0549"	10	1	59	19	10	5	7
"07_0675"	"07_0675"	10	1	59	19	10	5	7
"07_0971"	"07_0971"	1	2	3	3	5	9	3
"07_1009"	"07_1009"	4	7	10	4	42	7	1
"07_1493"	"07_1493"	1	2	3	3	5	9	3
"07_1875"	"07_1875"	1	2	3	4	5	9	3
"07_2174"	"07_2174"	1	1	2	83	2	3	6
"07_2680"	"07_2680"	2	4	1	4	19	1	5
"07_3238"	"07_3238"	2	1	1	3	2	1	5
"07_3508"	"07_3508"	4	7	10	4	1	7	1
"07_3647"	"07_3647"	4	7	10	4	1	7	1
"07_3853"	"07_3853"	4	7	10	4	1	7	1
"07_4076"	"07_4076"	4	7	10	4	1	7	1
"07_4268"	"07_4268"	1	1	2	2	225	3	17
"07_4269"	"07_4269"	4	7	40	4	42	51	1
"07_4428"	"07_4428"	2	1	1	3	2	1	5
"07_5038"	"07_5038"	2	1	2	3	2	1	5
"07_5039"	"07_5039"	219	2	4	62	4	5	17
"07_5041"	"07_5041"	2	1	1	3	140	3	5
"07_5321"	"07_5321"	1	1	2	2	225	3	17
"07_5425"	"07_5425"	2	1	2	3	2	1	5
"07_5581"	"07_5581"	2	1	1	3	2	1	5
"07_5583"	"07_5583"	2	1	1	3	2	1	5
"07_6017"	"07_6017"	2	1	2	3	2	1	5
"07_6066"	"07_6066"	2	1	2	3	2	1	5
"07_6215"	"07_6215"	2	1	1	3	140	3	5
"07_7314"	"07_7314"	4	7	10	4	42	7	1
"07_7324"	"07_7324"	7	4	5	2	11	1	5
"07_7331"	"07_7331"	2	1	2	3	2	1	5
"08_0094"	"08_0094"	4	7	10	4	1	7	1
"08_0096"	"08_0096"	4	7	10	4	1	7	1
"08_0099"	"08_0099"	4	7	40	4	42	51	1
"08_0100"	"08_0100"	4	7	10	4	1	7	1
"08_1700"	"08_1700"	1	4	2	2	6	3	17
"08_1709"	"08_1709"	9	2	4	62	4	5	17
"08_1711"	"08_1711"	9	2	4	62	4	5	17
"08_1714"	"08_1714"	2	1	2	3	2	1	5
"08_1841"	"08_1841"	33	39	30	79	450	85	17
"08_4456"	"08_4456"	4	7	10	4	1	7	1
"08_4460"	"08_4460"	4	7	10	4	1	7	1
"08_4461"	"08_4461"	4	7	10	4	1	7	1
"08_4466"	"08_4466"	4	7	10	4	1	7	1
"08_4468"	"08_4468"	4	7	10	4	1	7	1
"08_4472"	"08_4472"	4	7	10	4	1	7	1
"08_4474"	"08_4474"	4	7	10	4	1	7	1
"08_4603"	"08_4603"	4	7	10	4	1	7	1
"08_4696"	"08_4696"	4	7	10	4	1	7	1
"08_4697"	"08_4697"	4	7	10	4	1	7	1
"08_4913"	"08_4913"	4	7	10	4	1	7	1
"08_5176"	"08_5176"	4	7	10	4	1	7	1
"08_5490"	"08_5490"	4	7	10	4	1	7	1
"08_5603"	"08_5603"	2	1	2	3	2	1	5
"08_5925"	"08_5925"	2	1	2	3	2	1	5
"08_6160"	"08_6160"	4	7	10	4	1	7	1
"08_6208"	"08_6208"	2	1	2	3	2	1	5
"08_6877"	"08_6877"	4	7	10	4	1	7	1
"08_7016"	"08_7016"	4	7	10	4	1	7	1
"08_7017"	"08_7017"	4	7	10	4	1	7	1
"08_7039"	"08_7039"	2	1	1	3	2	1	5
"182"	"182"	157	39	30	79	NA	35	17
"2544"	"2544"	130	245	88	245	288	129	76
"48321"	"48321"	9	2	4	62	4	5	6
"4944"	"4944"	78	167	158	204	254	212	140
"6873"	"6873"	130	86	87	124	160	129	73
"7487"	"7487"	2	10	2	4	19	3	6
"7802A"	"7802A"	1	4	2	2	6	3	17
"8096"	"8096"	163	215	210	218	NA	241	198
"81-176"	"81-176"	1	2	3	27	5	9	3
"81116"	"81116"	4	7	40	4	42	51	1
"8808"	"8808"	86	189	86	259	287	236	76
"8993"	"8993"	32	39	44	82	104	85	36
"911"	"911"	114	110	30	291	188	164	79
"ARI_1021_R"	"ARI_1021_R"	24	2	2	2	10	3	1
"ARI_1022_R"	"ARI_1022_R"	2	17	2	3	2	1	5
"ARI_1129_R"	"ARI_1129_R"	2	4	1	2	7	1	5
"ARI_1130_R"	"ARI_1130_R"	2	1	12	3	2	1	5
"ARI_1231_R"	"ARI_1231_R"	33	39	30	82	104	56	17
"ARI_1232_R"	"ARI_1232_R"	2	1	5	3	2	1	5
"ARI_1331_R"	"ARI_1331_R"	2	1	1	3	2	1	5
"ARI_1332_R"	"ARI_1332_R"	2	4	1	2	7	1	5
"ARI_1433_R"	"ARI_1433_R"	8	10	2	210	11	12	6
"ARI_1434_R"	"ARI_1434_R"	2	1	1	3	492	1	5
"ARI_813_R"	"ARI_813_R"	2	15	12	3	2	1	5
"ARI_814_R"	"ARI_814_R"	2	1	1	3	2	1	5
"ARI_915_R"	"ARI_915_R"	7	2	5	2	10	3	6
"ARI_916_R"	"ARI_916_R"	2	1	12	3	2	1	5
"BB2617"	"BB2617"	33	39	30	82	104	43	17
"BID19R"	"BID19R"	2	2	5	2	10	3	6
"BID1AV"	"BID1AV"	10	27	33	19	10	5	7
"C_389_R"	"C_389_R"	2	1	21	3	2	1	5
"C_391_R"	"C_391_R"	2	1	21	3	2	1	5
"C138"	"C138"	33	38	30	115	104	85	17
"C256_R"	"C256_R"	33	39	30	82	104	43	17
"C258_cj_R"	"C258_cj_R"	8	1	6	3	2	1	12
"C28B51"	"C28B51"	7	110	103	140	188	164	79
"C4B19"	"C4B19"	103	110	103	140	188	164	79
"C4B30"	"C4B30"	33	39	30	82	104	43	17
"C8"	"C8"	4	7	10	4	1	7	1
"CA99CN070038"	"CA99CN070038"	1	2	3	4	5	9	3
"CAMSA100"	"CAMSA100"	2	1	1	3	2	1	5
"CAMSA1000"	"CAMSA1000"	2	1	1	3	2	1	5
"CAMSA1004"	"CAMSA1004"	2	1	1	3	2	1	5
"CAMSA1006"	"CAMSA1006"	2	1	1	3	2	1	5
"CAMSA1008"	"CAMSA1008"	2	1	1	3	2	1	5
"CAMSA1020"	"CAMSA1020"	2	1	1	3	2	1	5
"CAMSA1021"	"CAMSA1021"	2	1	1	3	2	1	5
"CAMSA1028"	"CAMSA1028"	2	1	1	3	2	1	5
"CAMSA1044"	"CAMSA1044"	2	1	1	3	2	1	5
"CAMSA1052"	"CAMSA1052"	2	1	1	3	2	1	5
"CAMSA1055"	"CAMSA1055"	2	1	1	3	2	1	5
"CAMSA1073"	"CAMSA1073"	2	1	1	3	2	1	5
"CAMSA1080"	"CAMSA1080"	2	1	1	3	2	1	5
"CAMSA141"	"CAMSA141"	2	1	1	3	2	1	5
"CAMSA148"	"CAMSA148"	2	1	1	3	2	1	5
"CAMSA148_R"	"CAMSA148_R"	2	1	1	3	2	1	5
"CAMSA15"	"CAMSA15"	2	1	1	3	2	1	5
"CAMSA15_R"	"CAMSA15_R"	2	1	1	3	2	1	5
"CAMSA153"	"CAMSA153"	2	1	1	3	2	1	5
"CAMSA163"	"CAMSA163"	2	1	1	3	2	1	5
"CAMSA182"	"CAMSA182"	2	1	1	3	2	1	5
"CAMSA2002"	"CAMSA2002"	2	1	1	3	2	1	5
"CAMSA2005"	"CAMSA2005"	2	1	1	3	2	1	5
"CAMSA2021"	"CAMSA2021"	2	1	1	3	2	1	5
"CAMSA2024"	"CAMSA2024"	2	1	1	3	2	1	5
"CAMSA2033"	"CAMSA2033"	2	1	1	3	2	1	5
"CAMSA2036"	"CAMSA2036"	2	1	1	3	2	1	5
"CAMSA2038"	"CAMSA2038"	2	1	1	3	2	1	5
"CAMSA2049"	"CAMSA2049"	2	1	1	3	2	1	5
"CAMSA2056"	"CAMSA2056"	2	1	1	3	2	1	5
"CAMSA2057"	"CAMSA2057"	2	1	1	3	2	1	5
"CAMSA206"	"CAMSA206"	2	1	1	3	2	1	5
"CAMSA2075"	"CAMSA2075"	2	1	1	3	2	1	5
"CAMSA2086"	"CAMSA2086"	2	1	1	3	2	1	5
"CAMSA2099"	"CAMSA2099"	2	1	1	3	2	1	5
"CAMSA2102"	"CAMSA2102"	2	1	1	3	2	1	5
"CAMSA2112"	"CAMSA2112"	2	1	1	3	2	1	5
"CAMSA2113"	"CAMSA2113"	2	1	1	3	2	1	5
"CAMSA2115"	"CAMSA2115"	2	1	1	3	2	1	5
"CAMSA2147"	"CAMSA2147"	2	1	1	3	2	1	5
"CAMSA2153"	"CAMSA2153"	2	1	1	3	2	1	5
"CAMSA2164"	"CAMSA2164"	2	1	1	3	2	1	5
"CAMSA2175"	"CAMSA2175"	2	1	1	3	2	1	5
"CAMSA2198"	"CAMSA2198"	2	1	1	3	2	1	5
"CAMSA2200"	"CAMSA2200"	2	1	1	3	2	1	5
"CAMSA2201"	"CAMSA2201"	2	1	1	3	2	1	5
"CAMSA226"	"CAMSA226"	2	1	1	3	2	1	5
"CAMSA244"	"CAMSA244"	2	1	1	3	2	1	5
"CAMSA245"	"CAMSA245"	2	1	1	3	2	1	5
"CAMSA25"	"CAMSA25"	2	1	1	3	2	1	5
"CAMSA257"	"CAMSA257"	2	1	1	3	2	1	5
"CAMSA259"	"CAMSA259"	2	1	1	3	2	1	5
"CAMSA26"	"CAMSA26"	2	1	1	3	2	1	5
"CAMSA260"	"CAMSA260"	2	1	1	3	2	1	5
"CAMSA272"	"CAMSA272"	2	1	1	3	2	1	5
"CAMSA275"	"CAMSA275"	2	1	1	3	2	1	5
"CAMSA289"	"CAMSA289"	2	1	1	3	2	1	5
"CAMSA293"	"CAMSA293"	2	1	1	3	2	1	5
"CAMSA301"	"CAMSA301"	2	1	1	3	2	1	5
"CAMSA311"	"CAMSA311"	2	1	1	3	2	1	5
"CAMSA322"	"CAMSA322"	2	1	1	3	2	1	5
"CAMSA341"	"CAMSA341"	2	1	1	3	2	1	5
"CAMSA343"	"CAMSA343"	2	1	1	3	2	1	5
"CAMSA350"	"CAMSA350"	2	1	1	3	2	1	5
"CAMSA354"	"CAMSA354"	2	1	1	3	2	1	5
"CAMSA357"	"CAMSA357"	2	1	1	3	2	1	5
"CAMSA3605"	"CAMSA3605"	2	1	1	3	2	1	5
"CAMSA361"	"CAMSA361"	2	1	1	3	2	1	5
"CAMSA3615"	"CAMSA3615"	2	1	1	3	2	1	5
"CAMSA362"	"CAMSA362"	2	1	1	3	2	1	5
"CAMSA3632"	"CAMSA3632"	2	1	1	3	2	1	5
"CAMSA3634"	"CAMSA3634"	2	1	1	3	2	1	5
"CAMSA3643"	"CAMSA3643"	2	1	1	3	2	1	5
"CAMSA3644"	"CAMSA3644"	2	1	1	3	2	1	5
"CAMSA3665"	"CAMSA3665"	2	1	1	3	2	1	5
"CAMSA3666"	"CAMSA3666"	2	1	1	3	2	1	5
"CAMSA3669"	"CAMSA3669"	2	1	1	3	2	1	5
"CAMSA3671"	"CAMSA3671"	2	1	1	3	2	1	5
"CAMSA3674"	"CAMSA3674"	2	1	1	3	2	1	5
"CAMSA3681"	"CAMSA3681"	2	1	1	3	2	1	5
"CAMSA3683"	"CAMSA3683"	2	1	1	3	2	1	5
"CAMSA3690"	"CAMSA3690"	2	1	1	3	2	1	5
"CAMSA3701"	"CAMSA3701"	2	1	1	3	2	1	5
"CAMSA3703"	"CAMSA3703"	2	1	1	3	2	1	5
"CAMSA3731"	"CAMSA3731"	2	1	1	3	2	1	5
"CAMSA374"	"CAMSA374"	2	1	1	3	2	1	5
"CAMSA3741"	"CAMSA3741"	2	1	1	3	2	1	5
"CAMSA375"	"CAMSA375"	2	1	1	3	2	1	5
"CAMSA3786"	"CAMSA3786"	2	1	1	3	2	1	5
"CAMSA379"	"CAMSA379"	2	1	1	3	2	1	5
"CAMSA3797"	"CAMSA3797"	2	1	1	3	2	1	5
"CAMSA3801"	"CAMSA3801"	2	1	1	3	2	1	5
"CAMSA3802"	"CAMSA3802"	2	1	1	3	2	1	5
"CAMSA382"	"CAMSA382"	2	1	1	3	2	1	5
"CAMSA3837"	"CAMSA3837"	2	1	1	3	2	1	5
"CAMSA3844"	"CAMSA3844"	2	1	1	3	2	1	5
"CAMSA3845"	"CAMSA3845"	2	1	1	3	2	1	5
"CAMSA3851"	"CAMSA3851"	2	1	1	3	2	1	5
"CAMSA3874"	"CAMSA3874"	2	1	1	3	2	1	5
"CAMSA3888"	"CAMSA3888"	2	1	1	3	2	1	5
"CAMSA3889"	"CAMSA3889"	2	1	1	3	2	1	5
"CAMSA3897"	"CAMSA3897"	2	1	1	3	2	1	5
"CAMSA3914"	"CAMSA3914"	2	1	1	3	2	1	5
"CAMSA3914_R"	"CAMSA3914_R"	2	1	1	3	2	1	5
"CAMSA3916"	"CAMSA3916"	2	1	1	3	2	1	5
"CAMSA3916_R"	"CAMSA3916_R"	2	1	1	3	2	1	5
"CAMSA3928"	"CAMSA3928"	2	1	1	3	2	1	5
"CAMSA3943"	"CAMSA3943"	2	1	1	3	2	1	5
"CAMSA3962"	"CAMSA3962"	2	1	1	3	2	1	5
"CAMSA40"	"CAMSA40"	2	1	1	3	2	1	5
"CAMSA4001"	"CAMSA4001"	2	1	1	3	2	1	5
"CAMSA4031"	"CAMSA4031"	2	1	1	3	2	1	5
"CAMSA4054"	"CAMSA4054"	2	1	1	3	2	1	5
"CAMSA4057"	"CAMSA4057"	2	1	1	3	2	1	5
"CAMSA4076"	"CAMSA4076"	2	1	1	3	2	1	5
"CAMSA4124"	"CAMSA4124"	2	1	1	3	2	1	5
"CAMSA4133"	"CAMSA4133"	2	1	1	3	2	1	5
"CAMSA4140"	"CAMSA4140"	2	1	1	3	2	1	5
"CAMSA416"	"CAMSA416"	2	1	1	3	2	1	5
"CAMSA418"	"CAMSA418"	2	1	1	3	2	1	5
"CAMSA4186"	"CAMSA4186"	2	1	1	3	2	1	5
"CAMSA4196"	"CAMSA4196"	2	1	1	3	2	1	5
"CAMSA4206"	"CAMSA4206"	2	1	1	3	2	1	5
"CAMSA421"	"CAMSA421"	2	1	1	3	2	1	5
"CAMSA4212"	"CAMSA4212"	2	1	1	3	2	1	5
"CAMSA4221"	"CAMSA4221"	2	1	1	3	2	1	5
"CAMSA4243"	"CAMSA4243"	2	1	1	3	2	1	5
"CAMSA454"	"CAMSA454"	2	1	1	3	2	1	5
"CAMSA457"	"CAMSA457"	2	1	1	3	2	1	5
"CAMSA458"	"CAMSA458"	2	1	1	3	2	1	5
"CAMSA463"	"CAMSA463"	2	1	1	3	2	1	5
"CAMSA463_R"	"CAMSA463_R"	2	1	1	3	2	1	5
"CAMSA471"	"CAMSA471"	2	1	1	3	2	1	5
"CAMSA471_R"	"CAMSA471_R"	2	1	1	3	2	1	5
"CAMSA48"	"CAMSA48"	2	1	1	3	2	1	5
"CAMSA55"	"CAMSA55"	2	1	1	3	2	1	5
"CAMSA59"	"CAMSA59"	2	1	1	3	2	1	5
"CAMSA64"	"CAMSA64"	2	1	1	3	2	1	5
"CAMSA75"	"CAMSA75"	2	1	1	3	2	1	5
"CAMSA8"	"CAMSA8"	2	1	1	3	2	1	5
"CAMSA81"	"CAMSA81"	2	1	1	3	2	1	5
"CAMSA95"	"CAMSA95"	2	1	1	3	2	1	5
"CAMSA98"	"CAMSA98"	2	1	1	3	2	1	5
"CE_M_09_1073"	"CE_M_09_1073"	33	39	30	78	189	43	17
"CE_M_09_2085"	"CE_M_09_2085"	2	1	1	3	2	1	6
"CE_M_09_3054"	"CE_M_09_3054"	1	1	2	83	2	3	6
"CE_M_09_3081"	"CE_M_09_3081"	33	39	30	78	104	43	17
"CE_M_09_3107"	"CE_M_09_3107"	2	1	2	3	2	1	5
"CE_M_09_4099"	"CE_M_09_4099"	2	1	12	3	2	1	5
"CE_M_10_1037"	"CE_M_10_1037"	33	38	30	82	152	43	17
"CE_M_10_2090"	"CE_M_10_2090"	4	7	10	4	1	7	1
"CE_M_10_2096"	"CE_M_10_2096"	1	1	2	83	2	3	6
"CE_M_10_2108"	"CE_M_10_2108"	1	2	2	83	2	3	6
"CE_M_10_2113"	"CE_M_10_2113"	1	1	2	83	2	3	6
"CE_M_10_3062"	"CE_M_10_3062"	4	7	10	4	1	7	1
"CE_M_10_3107"	"CE_M_10_3107"	9	25	2	10	22	3	6
"CE_M_10_4053"	"CE_M_10_4053"	2	1	2	3	2	1	5
"CE_M_10_4054"	"CE_M_10_4054"	2	1	2	3	2	1	5
"CE_M_10_4091"	"CE_M_10_4091"	2	1	12	3	2	1	5
"CE_R_10_0273"	"CE_R_10_0273"	2	1	1	3	2	1	6
"CE_R_10_0305"	"CE_R_10_0305"	4	7	70	4	1	7	1
"CE_R_10_0306"	"CE_R_10_0306"	4	7	70	4	1	7	1
"CE_R_11_0077"	"CE_R_11_0077"	4	7	10	4	1	7	1
"CE_R_11_0100"	"CE_R_11_0100"	4	7	10	4	1	7	1
"CE_R_11_0114"	"CE_R_11_0114"	4	7	10	4	1	7	1
"CE_R_11_0170"	"CE_R_11_0170"	150	4	1	2	7	1	5
"CE_R_11_0178"	"CE_R_11_0178"	4	7	10	4	1	7	1
"CE_R_11_0192"	"CE_R_11_0192"	4	7	10	4	1	7	1
"CE_R_11_0238"	"CE_R_11_0238"	2	1	12	3	2	1	5
"CE_R_11_0240"	"CE_R_11_0240"	4	7	10	4	42	7	1
"CE_R_11_0251"	"CE_R_11_0251"	4	7	10	4	1	7	1
"CE_R_11_0270"	"CE_R_11_0270"	2	1	1	3	2	1	5
"CE_R2_11_0134"	"CE_R2_11_0134"	4	7	10	4	1	7	1
"CE_R2_11_0350"	"CE_R2_11_0350"	4	7	40	4	42	51	1
"CE_R2_11_0374"	"CE_R2_11_0374"	4	7	10	4	42	7	1
"CE2_R_11_1063"	"CE2_R_11_1063"	4	7	40	4	42	51	1
"CE2_R_11_3009"	"CE2_R_11_3009"	150	4	1	2	7	1	5
"CE2_R_11_3021"	"CE2_R_11_3021"	2	1	1	3	2	1	6
"CE2_R_11_3035"	"CE2_R_11_3035"	4	7	10	4	1	7	1
"CE2_R_11_3039"	"CE2_R_11_3039"	4	7	10	4	1	7	1
"CE2_R_11_3113"	"CE2_R_11_3113"	4	7	10	4	1	7	1
"CE2_R_11_3131"	"CE2_R_11_3131"	4	7	10	4	1	7	1
"CE2_R2_11_1006"	"CE2_R2_11_1006"	4	7	10	4	1	7	1
"CE2_R2_11_1009"	"CE2_R2_11_1009"	4	7	10	4	1	7	1
"CE2_R2_11_1027"	"CE2_R2_11_1027"	4	7	10	4	1	7	1
"CE2_R2_11_1033"	"CE2_R2_11_1033"	4	7	10	4	1	7	1
"CE2_R2_11_2018"	"CE2_R2_11_2018"	150	4	1	2	7	1	5
"CE2_R2_11_2022"	"CE2_R2_11_2022"	4	7	10	4	1	7	1
"CE2_R2_11_3019"	"CE2_R2_11_3019"	4	7	10	4	1	7	1
"CE2_R2_11_3023"	"CE2_R2_11_3023"	4	7	10	4	1	7	1
"CE2_R2_11_3081"	"CE2_R2_11_3081"	150	4	1	2	7	1	5
"CE2_R2_11_3085"	"CE2_R2_11_3085"	150	4	1	2	7	1	5
"CGY_HR_009"	"CGY_HR_009"	1	4	2	2	6	3	17
"CGY_HR_013"	"CGY_HR_013"	2	1	12	3	2	1	5
"CGY_HR_020"	"CGY_HR_020"	1	4	2	2	6	3	17
"CGY_HR_022"	"CGY_HR_022"	33	39	30	78	104	43	17
"CGY_HR_026"	"CGY_HR_026"	4	7	10	4	1	7	1
"CGY_HR_027"	"CGY_HR_027"	2	1	5	3	2	1	5
"CGY_HR_058"	"CGY_HR_058"	1	4	2	2	6	3	17
"CGY_HR_061"	"CGY_HR_061"	2	21	5	3	2	1	5
"CGY_HR_073"	"CGY_HR_073"	9	2	4	62	4	5	17
"CGY_HR_074"	"CGY_HR_074"	9	2	4	62	4	5	17
"CGY_HR_076"	"CGY_HR_076"	2	21	5	3	2	1	5
"CGY_HR_080"	"CGY_HR_080"	33	39	30	78	104	43	17
"CGY_HR_082"	"CGY_HR_082"	2	4	1	2	7	1	5
"CGY_HR_083"	"CGY_HR_083"	2	241	12	3	2	1	5
"CGY_HR_090"	"CGY_HR_090"	4	4	1	2	7	51	5
"CGY_HR_098"	"CGY_HR_098"	2	4	1	2	7	1	5
"CGY_HR_101"	"CGY_HR_101"	4	7	70	4	1	7	1
"CGY_HR_103"	"CGY_HR_103"	4	7	10	4	1	7	1
"CGY_HR_108"	"CGY_HR_108"	1	1	2	83	2	3	6
"CGY_HR_109"	"CGY_HR_109"	2	1	2	3	2	1	5
"CGY_HR_118"	"CGY_HR_118"	4	7	10	4	1	7	1
"CGY_HR_121"	"CGY_HR_121"	2	1	5	3	2	1	5
"CGY_HR_130"	"CGY_HR_130"	2	1	2	3	2	1	5
"CGY_HR_139"	"CGY_HR_139"	2	1	2	3	2	1	5
"CGY_HR_140"	"CGY_HR_140"	4	7	10	4	1	7	1
"CGY_HR_170"	"CGY_HR_170"	4	4	1	2	7	51	5
"CGY_HR_174"	"CGY_HR_174"	2	1	2	3	2	1	5
"CHR_022"	"CHR_022"	2	1	1	3	2	1	6
"CHR_023"	"CHR_023"	2	1	1	3	2	1	6
"CHR_026"	"CHR_026"	1	1	2	83	2	3	6
"CHR_028"	"CHR_028"	2	1	1	3	2	1	5
"CHR_053"	"CHR_053"	1	4	2	2	6	3	17
"CHR_090"	"CHR_090"	33	39	30	78	104	43	17
"CHR_119"	"CHR_119"	2	1	1	3	2	1	6
"CHR_127"	"CHR_127"	2	1	1	3	2	1	3
"CHR_130"	"CHR_130"	1	1	2	83	2	3	6
"CHR_151"	"CHR_151"	2	1	2	3	2	1	5
"CHR_159"	"CHR_159"	4	7	70	4	1	7	1
"CI_0094"	"CI_0094"	1	2	3	3	5	9	3
"CI_0136"	"CI_0136"	2	1	1	3	2	1	6
"CI_0165"	"CI_0165"	33	39	30	78	104	43	17
"CI_0168"	"CI_0168"	1	6	22	24	12	28	1
"CI_0182"	"CI_0182"	1	6	22	24	12	28	1
"CI_0215"	"CI_0215"	32	38	30	82	104	43	17
"CI_0292"	"CI_0292"	1	4	2	2	6	3	17
"CI_0322"	"CI_0322"	4	7	10	4	1	7	1
"CI_0325"	"CI_0325"	1	1	2	83	2	3	6
"CI_0334"	"CI_0334"	1	4	2	2	6	3	17
"CI_0346"	"CI_0346"	2	1	1	3	140	3	5
"CI_0392"	"CI_0392"	1	6	22	24	12	28	1
"CI_0405"	"CI_0405"	1	2	3	3	5	9	3
"CI_0450"	"CI_0450"	2	59	136	105	126	25	23
"CI_0453"	"CI_0453"	2	59	136	105	126	25	23
"CI_0458"	"CI_0458"	2	59	136	105	126	25	23
"CI_0532"	"CI_0532"	2	29	4	48	13	24	57
"CI_0609"	"CI_0609"	4	7	10	4	42	7	1
"CI_0637"	"CI_0637"	4	7	10	4	1	7	1
"CI_0662"	"CI_0662"	2	59	4	105	558	457	23
"CI_0677"	"CI_0677"	2	4	1	2	7	1	5
"CI_0685"	"CI_0685"	2	4	1	2	7	1	5
"CI_0697"	"CI_0697"	2	4	4	48	13	25	57
"CI_0699"	"CI_0699"	2	29	84	48	131	25	57
"CI_0765"	"CI_0765"	37	29	75	48	126	25	23
"CI_0783"	"CI_0783"	2	1	1	3	2	1	6
"CI_0884"	"CI_0884"	1	2	3	3	5	9	3
"CI_0893"	"CI_0893"	9	2	4	62	4	5	17
"CI_0898"	"CI_0898"	9	2	4	62	4	5	17
"CI_0918"	"CI_0918"	2	1	1	3	2	1	6
"CI_0927"	"CI_0927"	1	4	2	2	6	3	17
"CI_0955"	"CI_0955"	33	39	30	82	104	56	326
"CI_0973"	"CI_0973"	1	1	2	83	2	3	6
"CI_0987"	"CI_0987"	2	1	1	3	2	1	5
"CI_1088"	"CI_1088"	4	7	10	4	1	7	1
"CI_1092"	"CI_1092"	4	7	10	4	1	7	1
"CI_1096"	"CI_1096"	1	1	2	83	2	3	6
"CI_1109"	"CI_1109"	4	7	10	4	1	7	1
"CI_1117"	"CI_1117"	4	7	10	4	1	7	1
"CI_1415"	"CI_1415"	9	2	4	62	4	5	17
"CI_1636"	"CI_1636"	214	15	4	48	126	25	23
"CI_1653"	"CI_1653"	37	4	4	48	13	25	57
"CI_1660"	"CI_1660"	35	2	9	432	8	46	21
"CI_1799"	"CI_1799"	2	4	84	105	126	25	57
"CI_1845"	"CI_1845"	26	2	9	51	8	46	21
"CI_1874"	"CI_1874"	1	1	2	2	225	3	17
"CI_1875"	"CI_1875"	33	39	30	78	104	43	17
"CI_1884"	"CI_1884"	33	39	30	78	104	43	17
"CI_1915"	"CI_1915"	4	7	10	4	1	7	1
"CI_1920"	"CI_1920"	4	7	10	4	1	7	1
"CI_1943"	"CI_1943"	4	7	10	4	1	7	1
"CI_1964"	"CI_1964"	2	1	2	3	2	1	5
"CI_1969"	"CI_1969"	2	1	2	3	2	1	5
"CI_2004"	"CI_2004"	2	4	84	436	126	25	57
"CI_2009"	"CI_2009"	2	4	84	436	126	25	57
"CI_2055"	"CI_2055"	4	7	10	4	1	7	1
"CI_2061"	"CI_2061"	4	7	10	4	1	7	1
"CI_2230"	"CI_2230"	26	2	9	51	8	46	21
"CI_2328"	"CI_2328"	37	4	4	48	559	458	57
"CI_2423"	"CI_2423"	37	52	57	26	107	29	23
"CI_2439"	"CI_2439"	4	7	10	4	1	7	1
"CI_2499"	"CI_2499"	4	7	10	4	42	7	1
"CI_2510"	"CI_2510"	2	330	4	361	127	25	57
"CI_2533"	"CI_2533"	2	59	4	27	126	25	23
"CI_2536"	"CI_2536"	2	29	4	48	13	24	57
"CI_2548"	"CI_2548"	37	52	57	26	107	29	23
"CI_2605"	"CI_2605"	2	29	4	48	13	24	57
"CI_2651"	"CI_2651"	4	7	10	4	1	7	1
"CI_2695"	"CI_2695"	2	59	4	27	126	25	23
"CI_2705"	"CI_2705"	2	15	4	48	17	25	23
"CI_2840"	"CI_2840"	4	7	10	4	1	7	1
"CI_2864"	"CI_2864"	1	2	3	4	5	9	3
"CI_2950"	"CI_2950"	2	15	4	48	131	25	57
"CI_2989"	"CI_2989"	37	52	57	26	107	29	23
"CI_2991"	"CI_2991"	37	52	57	26	107	29	23
"CI_2995"	"CI_2995"	37	52	57	26	129	29	23
"CI_3036"	"CI_3036"	2	29	4	48	13	24	57
"CI_3043"	"CI_3043"	2	29	84	48	131	25	57
"CI_3074"	"CI_3074"	2	29	84	48	131	25	57
"CI_3252"	"CI_3252"	214	15	4	48	126	25	23
"CI_3290"	"CI_3290"	1	6	22	24	12	28	1
"CI_3299"	"CI_3299"	1	6	22	24	12	28	1
"CI_3421"	"CI_3421"	1	2	3	3	6	9	3
"CI_3609"	"CI_3609"	37	4	4	48	13	25	57
"CI_3643"	"CI_3643"	4	7	10	4	1	7	1
"CI_3812"	"CI_3812"	26	2	9	51	8	46	21
"CI_3856"	"CI_3856"	17	2	8	437	8	2	4
"CI_3879"	"CI_3879"	4	7	10	4	1	7	1
"CI_3889"	"CI_3889"	9	2	4	62	4	5	17
"CI_3943"	"CI_3943"	26	2	9	51	8	46	21
"CI_3986"	"CI_3986"	2	59	96	48	131	24	57
"CI_4071"	"CI_4071"	4	7	10	4	1	7	1
"CI_4079"	"CI_4079"	2	4	4	48	13	25	57
"CI_4102"	"CI_4102"	37	4	4	48	13	25	57
"CI_4108"	"CI_4108"	2	1	1	3	2	1	6
"CI_4353"	"CI_4353"	2	1	1	3	2	1	6
"CI_4356"	"CI_4356"	33	39	30	78	104	43	17
"CI_4360"	"CI_4360"	2	1	2	3	2	1	3
"CI_4378"	"CI_4378"	33	39	30	78	104	43	17
"CI_4383"	"CI_4383"	1	1	2	2	225	3	17
"CI_4395"	"CI_4395"	2	1	2	3	2	1	3
"CI_4411"	"CI_4411"	33	39	30	78	104	43	17
"CI_4424"	"CI_4424"	33	39	30	78	104	43	17
"CI_4428"	"CI_4428"	2	1	2	3	2	1	3
"CI_4447"	"CI_4447"	33	39	30	78	104	43	17
"CI_4458"	"CI_4458"	1	4	2	2	6	3	17
"CI_4806"	"CI_4806"	4	7	10	4	1	7	1
"CI_4835"	"CI_4835"	4	7	10	4	42	7	1
"CI_4864"	"CI_4864"	4	7	10	4	42	7	1
"CI_4909"	"CI_4909"	4	7	10	4	42	7	1
"CI_4990"	"CI_4990"	17	2	9	5	8	222	21
"CI_5034"	"CI_5034"	37	4	10	48	58	80	23
"CI_5198"	"CI_5198"	4	7	10	4	1	7	1
"CI_5245"	"CI_5245"	2	1	1	3	2	1	6
"CI_5254"	"CI_5254"	2	1	1	3	2	1	6
"CI_5265"	"CI_5265"	2	1	1	3	2	1	6
"CI_5292"	"CI_5292"	2	1	1	3	2	1	6
"CI_5300"	"CI_5300"	2	1	1	3	2	1	6
"CI_5328"	"CI_5328"	2	1	1	3	2	1	5
"CI_5357"	"CI_5357"	2	1	1	3	2	1	5
"CI_5429"	"CI_5429"	2	1	1	3	2	1	5
"CI_5692"	"CI_5692"	1	1	2	2	225	3	17
"CI_5889"	"CI_5889"	1	1	2	2	225	3	17
"CI_5906"	"CI_5906"	2	1	2	3	2	1	5
"CI_5943"	"CI_5943"	1	4	2	2	6	3	17
"CI_5947"	"CI_5947"	1	4	2	2	6	3	17
"CI_5997"	"CI_5997"	2	1	12	3	2	1	5
"CJ6656_R"	"CJ6656_R"	2	1	21	3	2	1	5
"CJ6657_R"	"CJ6657_R"	24	2	2	2	10	3	1
"CJ6752_R"	"CJ6752_R"	8	1	6	3	2	1	12
"CJ6753_R"	"CJ6753_R"	8	10	2	2	11	12	6
"CJ6849_R"	"CJ6849_R"	24	2	2	2	10	3	1
"CJ6850_R"	"CJ6850_R"	2	1	1	3	2	1	5
"CJ6946_R"	"CJ6946_R"	2	1	12	3	2	1	5
"CJ6947_R"	"CJ6947_R"	2	21	5	37	2	1	5
"CJ7015_R"	"CJ7015_R"	2	1	12	3	2	1	5
"CJ7016_R"	"CJ7016_R"	2	4	1	2	7	1	5
"CJ7256_R"	"CJ7256_R"	2	1	5	3	2	1	5
"CJ7257_R"	"CJ7257_R"	9	2	4	62	4	5	6
"dfvf1656"	"dfvf1656"	130	177	88	198	246	209	76
"dfvf1912"	"dfvf1912"	128	175	152	197	245	208	133
"Dg145"	"Dg145"	4	7	10	4	1	7	1
"Dg153"	"Dg153"	1	2	3	4	5	9	3
"Dg189"	"Dg189"	288	388	29	28	98	450	35
"Dg192"	"Dg192"	288	388	29	28	NA	450	35
"Dg195"	"Dg195"	2	1	4	28	126	25	58
"Dg196"	"Dg196"	288	388	29	28	74	450	35
"Dg356"	"Dg356"	1	7	5	428	261	7	1
"Dg61"	"Dg61"	288	388	29	28	74	450	35
"Dg62a"	"Dg62a"	288	388	29	28	74	450	35
"F79015"	"F79015"	33	38	30	115	104	85	17
"FSA05.280042"	"FSA05.280042"	145	207	172	239	275	243	154
"HM0627643"	"HM0627643"	2	1	1	3	2	1	5
"HM115713"	"HM115713"	9	2	4	62	4	5	12
"HM115771"	"HM115771"	7	2	5	2	10	3	6
"HM179023"	"HM179023"	2	1	1	3	2	1	5
"HM179091"	"HM179091"	2	1	1	3	2	1	5
"HM235411"	"HM235411"	2	1	1	3	2	1	5
"HM301572"	"HM301572"	1	2	3	4	5	9	3
"HM314036"	"HM314036"	2	1	1	3	2	1	5
"HM326144"	"HM326144"	2	1	1	3	2	1	5
"HM331258"	"HM331258"	2	1	1	3	2	1	5
"HM79979"	"HM79979"	2	1	1	3	2	1	5
"HM904280"	"HM904280"	2	1	1	3	2	1	5
"HM905080"	"HM905080"	2	1	1	3	2	1	5
"HM905487"	"HM905487"	2	1	1	3	2	1	5
"HM905980"	"HM905980"	2	1	1	3	2	1	5
"HM907529"	"HM907529"	2	1	1	3	2	1	5
"HM908193"	"HM908193"	2	1	1	3	2	1	5
"HM908265"	"HM908265"	2	1	1	3	2	1	5
"HM908538"	"HM908538"	2	1	1	3	2	1	5
"HM908634"	"HM908634"	2	1	1	3	2	1	5
"HM909114"	"HM909114"	2	1	1	3	2	1	5
"HM909204"	"HM909204"	2	1	1	3	2	1	5
"HM912030"	"HM912030"	2	1	1	3	2	1	5
"IA3902"	"IA3902"	2	1	1	3	2	1	6
"M1"	"M1"	4	7	10	4	42	7	1
"NC15_R"	"NC15_R"	1	2	3	4	5	9	3
"NC16_R"	"NC16_R"	1	4	2	2	6	3	17
"NCTC11168"	"NCTC11168"	2	1	5	3	4	1	5
"NS_35_R"	"NS_35_R"	2	1	5	3	2	1	5
"NS_36_R"	"NS_36_R"	1	4	2	2	6	3	17
"OXC1211"	"OXC1211"	2	75	4	48	103	34	1
"OXC123"	"OXC123"	2	1	1	3	2	1	3
"OXC129"	"OXC129"	2	1	5	3	2	1	5
"OXC1550"	"OXC1550"	2	75	4	48	103	34	1
"OXC30"	"OXC30"	2	1	12	3	2	1	5
"OXC3817"	"OXC3817"	2	1	1	3	2	1	3
"OXC39"	"OXC39"	2	1	21	3	2	1	5
"OXC4"	"OXC4"	2	1	1	3	7	1	5
"OXC4075"	"OXC4075"	2	1	1	3	7	1	5
"OXC4249"	"OXC4249"	2	1	12	3	2	1	5
"OXC4503"	"OXC4503"	2	1	5	3	2	1	5
"OXC4559"	"OXC4559"	4	7	10	4	42	51	1
"OXC4560"	"OXC4560"	1	4	2	2	6	3	17
"OXC4562"	"OXC4562"	2	4	1	2	7	1	5
"OXC4564"	"OXC4564"	7	4	2	2	19	1	6
"OXC4566"	"OXC4566"	1	3	6	4	3	3	3
"OXC4567"	"OXC4567"	2	1	12	3	2	1	5
"OXC4568"	"OXC4568"	2	4	1	2	7	1	5
"OXC4569"	"OXC4569"	2	1	1	3	2	1	5
"OXC4570"	"OXC4570"	9	2	4	62	4	5	6
"OXC4571"	"OXC4571"	33	39	30	82	113	47	17
"OXC4573"	"OXC4573"	7	2	5	2	10	3	6
"OXC4576"	"OXC4576"	2	1	21	3	2	1	5
"OXC4577"	"OXC4577"	9	2	4	62	4	133	6
"OXC4578"	"OXC4578"	2	1	12	3	2	1	5
"OXC4579"	"OXC4579"	1	4	2	2	6	3	17
"OXC4580"	"OXC4580"	33	39	30	82	104	56	17
"OXC4581"	"OXC4581"	2	1	1	3	2	1	5
"OXC4582"	"OXC4582"	2	4	1	2	7	1	5
"OXC4584"	"OXC4584"	2	1	42	3	148	1	5
"OXC4585"	"OXC4585"	7	17	5	2	10	3	6
"OXC4587"	"OXC4587"	9	2	4	62	4	133	6
"OXC4589"	"OXC4589"	7	17	2	15	23	3	12
"OXC4590"	"OXC4590"	2	1	12	3	2	1	5
"OXC4592"	"OXC4592"	2	1	21	3	2	1	5
"OXC4593"	"OXC4593"	9	2	4	62	4	5	6
"OXC4595"	"OXC4595"	1	4	2	2	6	3	17
"OXC4596"	"OXC4596"	8	10	2	2	11	12	6
"OXC4598"	"OXC4598"	8	10	2	210	11	12	6
"OXC4599"	"OXC4599"	24	2	2	2	10	3	1
"OXC4600"	"OXC4600"	2	1	12	3	2	1	5
"OXC4602"	"OXC4602"	7	2	5	2	10	3	6
"OXC4603"	"OXC4603"	2	4	1	2	7	1	5
"OXC4604"	"OXC4604"	2	10	2	4	19	3	6
"OXC4605"	"OXC4605"	2	4	1	93	11	3	6
"OXC4608"	"OXC4608"	9	2	4	62	4	5	6
"OXC4610"	"OXC4610"	9	2	5	2	11	3	1
"OXC4611"	"OXC4611"	33	39	30	82	NA	43	17
"OXC4616"	"OXC4616"	2	4	2	4	19	3	6
"OXC4617"	"OXC4617"	33	39	30	82	NA	43	17
"OXC4620"	"OXC4620"	9	2	4	62	4	5	6
"OXC4621"	"OXC4621"	24	2	2	2	10	3	1
"OXC4622"	"OXC4622"	1	4	2	2	6	3	17
"OXC4623"	"OXC4623"	24	2	2	2	10	3	1
"OXC4625"	"OXC4625"	1	2	3	2	5	9	3
"OXC4628"	"OXC4628"	2	1	12	3	2	1	5
"OXC4629"	"OXC4629"	2	4	1	2	7	1	5
"OXC4630"	"OXC4630"	2	4	1	2	7	1	5
"OXC4631"	"OXC4631"	7	17	2	15	23	3	12
"OXC4632"	"OXC4632"	2	1	21	3	2	1	5
"OXC4633"	"OXC4633"	2	1	1	3	2	1	5
"OXC4634"	"OXC4634"	7	17	2	2	10	3	6
"OXC4635"	"OXC4635"	2	4	2	4	19	3	6
"OXC4636"	"OXC4636"	2	1	21	3	2	1	5
"OXC4638"	"OXC4638"	2	4	1	4	19	62	5
"OXC4639"	"OXC4639"	2	4	1	4	19	62	5
"OXC4641"	"OXC4641"	8	10	2	210	11	12	6
"OXC4643"	"OXC4643"	7	2	5	2	10	3	6
"OXC4645"	"OXC4645"	7	21	5	62	4	61	44
"OXC4646"	"OXC4646"	9	25	2	10	23	3	6
"OXC4647"	"OXC4647"	33	39	30	82	113	44	17
"OXC4649"	"OXC4649"	2	1	1	3	2	1	5
"OXC4651"	"OXC4651"	2	1	12	88	2	1	5
"OXC4653"	"OXC4653"	7	21	5	62	4	61	44
"OXC4655"	"OXC4655"	8	10	2	2	11	12	6
"OXC4656"	"OXC4656"	8	10	2	2	11	12	6
"OXC4657"	"OXC4657"	9	2	4	62	4	5	6
"OXC4659"	"OXC4659"	7	17	2	15	23	3	12
"OXC4660"	"OXC4660"	24	2	2	2	10	3	1
"OXC4661"	"OXC4661"	7	17	2	15	23	3	12
"OXC4663"	"OXC4663"	2	1	1	3	2	1	5
"OXC4664"	"OXC4664"	8	17	5	2	10	59	6
"OXC4666"	"OXC4666"	62	4	5	2	2	1	5
"OXC4667"	"OXC4667"	7	17	2	15	23	3	12
"OXC4668"	"OXC4668"	2	1	21	3	2	1	5
"OXC4669"	"OXC4669"	7	17	2	15	23	3	12
"OXC4670"	"OXC4670"	1	4	2	2	6	3	17
"OXC4673"	"OXC4673"	2	1	1	3	2	1	5
"OXC4676"	"OXC4676"	1	355	42	4	90	25	8
"OXC4676_2"	"OXC4676_2"	1	355	42	4	90	25	8
"OXC4677"	"OXC4677"	9	2	4	62	4	5	6
"OXC4678"	"OXC4678"	9	2	4	62	4	5	6
"OXC4679"	"OXC4679"	2	17	2	3	2	1	5
"OXC4680"	"OXC4680"	2	4	1	2	7	1	5
"OXC4682"	"OXC4682"	7	53	2	10	11	3	3
"OXC4683"	"OXC4683"	4	7	40	4	42	51	1
"OXC4719"	"OXC4719"	7	17	5	2	86	3	1
"OXC4721"	"OXC4721"	4	7	10	4	42	7	1
"OXC4722"	"OXC4722"	1	4	2	2	6	3	17
"OXC4724"	"OXC4724"	2	21	5	37	310	1	5
"OXC4726"	"OXC4726"	2	1	21	3	2	1	5
"OXC4727"	"OXC4727"	8	10	2	2	11	12	6
"OXC4728"	"OXC4728"	1	2	49	4	11	66	8
"OXC4731"	"OXC4731"	7	53	2	10	11	3	3
"OXC4734"	"OXC4734"	2	4	1	2	7	1	5
"OXC4735"	"OXC4735"	2	4	1	2	7	1	5
"OXC4736"	"OXC4736"	104	7	10	4	1	7	1
"OXC4737"	"OXC4737"	2	10	2	4	19	3	6
"OXC4738"	"OXC4738"	9	2	4	62	4	5	12
"OXC4740"	"OXC4740"	9	2	4	62	4	5	6
"OXC4741"	"OXC4741"	8	10	2	2	11	12	6
"OXC4742"	"OXC4742"	7	53	2	10	11	3	3
"OXC4743"	"OXC4743"	8	10	2	2	11	12	6
"OXC4744"	"OXC4744"	8	1	6	3	2	1	12
"OXC4745"	"OXC4745"	2	21	1	3	2	1	5
"OXC4746"	"OXC4746"	7	21	5	62	4	61	44
"OXC4747"	"OXC4747"	62	4	5	2	2	1	5
"OXC4748"	"OXC4748"	62	4	5	2	2	1	5
"OXC4749"	"OXC4749"	8	1	6	3	2	1	12
"OXC4750"	"OXC4750"	2	NA	1	NA	NA	3	NA
"OXC4754"	"OXC4754"	2	1	21	3	2	1	5
"OXC4756"	"OXC4756"	2	21	5	37	310	1	5
"OXC4760"	"OXC4760"	9	2	4	62	4	5	6
"OXC4762"	"OXC4762"	8	1	6	3	2	1	12
"OXC4763"	"OXC4763"	24	2	2	2	10	3	1
"OXC4765"	"OXC4765"	8	1	6	3	2	1	12
"OXC4766"	"OXC4766"	33	39	30	82	113	47	17
"OXC4767"	"OXC4767"	2	4	1	2	7	1	5
"OXC4768"	"OXC4768"	1	2	3	4	5	9	3
"OXC4770"	"OXC4770"	8	1	6	3	2	1	12
"OXC4773"	"OXC4773"	24	2	2	2	10	3	1
"OXC4774"	"OXC4774"	9	2	4	62	4	5	6
"OXC4775"	"OXC4775"	7	2	5	2	10	3	6
"OXC4776"	"OXC4776"	2	1	12	3	2	1	5
"OXC4778"	"OXC4778"	4	7	40	4	42	51	1
"OXC4779"	"OXC4779"	2	4	1	2	7	1	5
"OXC4781"	"OXC4781"	7	2	5	2	10	3	6
"OXC4789"	"OXC4789"	1	4	2	2	6	3	17
"OXC4791"	"OXC4791"	8	1	6	3	2	1	12
"OXC4792"	"OXC4792"	2	4	1	80	7	1	5
"OXC4793"	"OXC4793"	1	4	2	2	6	3	17
"OXC4795"	"OXC4795"	8	1	6	3	2	1	12
"OXC4797"	"OXC4797"	2	1	12	3	2	1	5
"OXC4798"	"OXC4798"	1	4	2	2	6	3	17
"OXC4799"	"OXC4799"	2	4	1	80	7	1	5
"OXC4801"	"OXC4801"	2	1	12	3	2	1	5
"OXC4802"	"OXC4802"	2	15	4	3	154	51	35
"OXC4803"	"OXC4803"	2	4	1	2	7	1	5
"OXC4807"	"OXC4807"	2	1	12	3	2	1	5
"OXC4808"	"OXC4808"	8	1	6	3	11	1	1
"OXC4811"	"OXC4811"	2	1	1	3	2	1	5
"OXC4813"	"OXC4813"	2	4	1	2	7	1	5
"OXC4814"	"OXC4814"	33	39	30	82	104	56	17
"OXC4816"	"OXC4816"	2	10	2	4	19	3	6
"OXC4822"	"OXC4822"	9	2	4	62	4	5	6
"OXC4825"	"OXC4825"	33	39	30	82	113	43	17
"OXC4829"	"OXC4829"	33	39	30	82	113	47	17
"OXC4831"	"OXC4831"	8	1	6	3	2	1	12
"OXC4832"	"OXC4832"	2	4	1	2	7	1	5
"OXC4836"	"OXC4836"	8	1	6	3	2	1	12
"OXC4840"	"OXC4840"	2	4	1	2	7	1	5
"OXC4841"	"OXC4841"	2	4	1	4	19	62	5
"OXC4844"	"OXC4844"	7	53	2	15	11	3	3
"OXC4846"	"OXC4846"	2	4	1	2	7	1	5
"OXC4850"	"OXC4850"	4	7	10	4	42	51	1
"OXC4851"	"OXC4851"	2	4	1	2	7	1	5
"OXC4852"	"OXC4852"	2	4	1	2	7	1	5
"OXC4856"	"OXC4856"	7	53	2	10	11	3	3
"OXC4857"	"OXC4857"	8	10	2	2	11	12	6
"OXC4858"	"OXC4858"	9	2	4	62	4	5	6
"OXC4859"	"OXC4859"	7	2	5	2	10	3	6
"OXC4860"	"OXC4860"	33	39	30	82	104	56	17
"OXC4861"	"OXC4861"	2	4	2	4	19	3	6
"OXC4862"	"OXC4862"	2	4	2	4	19	3	6
"OXC4863"	"OXC4863"	2	1	1	3	2	1	5
"OXC4864"	"OXC4864"	2	1	5	3	2	1	5
"OXC4866"	"OXC4866"	1	2	3	4	5	9	3
"OXC4869"	"OXC4869"	9	2	4	62	4	5	12
"OXC4872"	"OXC4872"	2	4	1	2	7	1	5
"OXC4876"	"OXC4876"	24	2	2	2	10	3	1
"OXC4877"	"OXC4877"	2	1	12	3	2	1	5
"OXC4878"	"OXC4878"	9	2	4	62	4	5	6
"OXC4879"	"OXC4879"	7	2	5	2	10	3	6
"OXC4880"	"OXC4880"	2	1	12	3	2	1	5
"OXC4881"	"OXC4881"	1	2	3	4	5	9	3
"OXC4882"	"OXC4882"	2	1	1	3	2	1	5
"OXC5172"	"OXC5172"	33	39	30	82	113	47	17
"OXC5325"	"OXC5325"	7	17	2	15	23	3	12
"OXC5326"	"OXC5326"	8	2	5	53	11	3	1
"OXC5329"	"OXC5329"	3	1	5	17	11	11	6
"OXC5330"	"OXC5330"	8	7	4	4	125	7	1
"OXC5331"	"OXC5331"	4	7	10	4	42	7	1
"OXC5332"	"OXC5332"	4	7	10	4	1	7	1
"OXC5333"	"OXC5333"	2	1	12	3	2	1	5
"OXC5334"	"OXC5334"	2	4	1	2	7	1	5
"OXC5335"	"OXC5335"	2	1	12	3	2	1	5
"OXC5336"	"OXC5336"	7	4	1	68	11	58	6
"OXC5337"	"OXC5337"	7	4	1	68	11	58	6
"OXC5338"	"OXC5338"	8	1	6	3	2	1	12
"OXC5341"	"OXC5341"	10	81	50	87	120	76	52
"OXC5342"	"OXC5342"	24	2	2	2	10	3	1
"OXC5343"	"OXC5343"	4	7	10	4	10	7	1
"OXC5344"	"OXC5344"	2	1	1	3	2	1	5
"OXC5346"	"OXC5346"	2	21	5	37	2	1	5
"OXC5348"	"OXC5348"	33	39	30	82	104	56	17
"OXC5349"	"OXC5349"	2	1	12	3	2	1	5
"OXC5350"	"OXC5350"	2	1	1	3	2	1	5
"OXC5353"	"OXC5353"	33	39	30	79	530	43	17
"OXC5355"	"OXC5355"	7	17	5	10	11	3	6
"OXC5358"	"OXC5358"	2	4	1	2	7	1	5
"OXC5363"	"OXC5363"	33	39	30	82	104	56	17
"OXC5364"	"OXC5364"	2	1	1	3	2	1	5
"OXC5368"	"OXC5368"	3	392	5	17	11	11	6
"OXC5370"	"OXC5370"	33	39	30	82	104	56	17
"OXC5371"	"OXC5371"	24	2	2	2	10	3	1
"OXC5372"	"OXC5372"	2	1	5	3	2	1	5
"OXC5373"	"OXC5373"	2	21	5	37	60	1	5
"OXC5375"	"OXC5375"	24	2	2	2	10	3	1
"OXC5376"	"OXC5376"	9	2	4	62	4	5	6
"OXC5377"	"OXC5377"	2	21	5	2	59	1	5
"OXC5378"	"OXC5378"	2	1	21	3	2	1	5
"OXC5380"	"OXC5380"	9	53	2	53	11	3	3
"OXC5381"	"OXC5381"	7	NA	5	2	10	3	6
"OXC5383"	"OXC5383"	1	3	6	4	3	3	3
"OXC5385"	"OXC5385"	8	10	2	2	11	12	6
"OXC5386"	"OXC5386"	33	39	30	82	113	47	17
"OXC5390"	"OXC5390"	9	2	4	62	4	5	6
"OXC5391"	"OXC5391"	124	39	30	82	189	47	74
"OXC5392"	"OXC5392"	1	2	3	4	5	9	3
"OXC5393"	"OXC5393"	2	1	12	3	2	1	5
"OXC5394"	"OXC5394"	7	53	2	10	11	3	3
"OXC5395"	"OXC5395"	9	2	4	62	4	5	6
"OXC5396"	"OXC5396"	1	4	2	4	185	3	6
"OXC5397"	"OXC5397"	2	1	1	5	11	343	5
"OXC5398"	"OXC5398"	9	2	4	62	4	5	6
"OXC5400"	"OXC5400"	8	10	2	2	11	12	6
"OXC5404"	"OXC5404"	2	15	29	48	127	99	23
"OXC5405"	"OXC5405"	2	4	1	2	7	1	5
"OXC5406"	"OXC5406"	6	4	5	2	2	1	5
"OXC5407"	"OXC5407"	2	1	57	28	58	29	58
"OXC5410"	"OXC5410"	9	2	4	62	4	5	6
"OXC5411"	"OXC5411"	1	3	6	4	3	3	3
"OXC5412"	"OXC5412"	8	2	5	10	11	37	1
"OXC5413"	"OXC5413"	2	1	1	3	2	1	5
"OXC5414"	"OXC5414"	2	1	12	3	2	1	5
"OXC5416"	"OXC5416"	2	1	12	3	2	1	23
"OXC5417"	"OXC5417"	24	2	2	2	10	3	1
"OXC5418"	"OXC5418"	9	2	4	62	4	133	6
"OXC5420"	"OXC5420"	4	7	10	4	1	7	1
"OXC5421"	"OXC5421"	9	2	4	62	4	5	6
"OXC5422"	"OXC5422"	2	4	1	NA	19	1	5
"OXC5426"	"OXC5426"	7	112	42	62	11	67	6
"OXC5427"	"OXC5427"	7	2	5	2	10	3	6
"OXC5428"	"OXC5428"	7	2	5	2	10	3	6
"OXC5431"	"OXC5431"	2	1	1	3	492	1	5
"OXC5433"	"OXC5433"	2	4	1	2	7	1	5
"OXC5434"	"OXC5434"	4	7	10	4	42	7	1
"OXC5435"	"OXC5435"	2	1	12	3	2	1	5
"OXC5437"	"OXC5437"	2	17	2	3	2	1	5
"OXC5438"	"OXC5438"	2	1	21	3	2	1	5
"OXC5439"	"OXC5439"	1	4	2	2	6	3	17
"OXC5440"	"OXC5440"	2	4	1	2	7	1	5
"OXC5441"	"OXC5441"	33	39	30	79	113	43	17
"OXC5443"	"OXC5443"	1	3	6	4	3	3	3
"OXC5444"	"OXC5444"	2	1	5	3	2	1	5
"OXC5445"	"OXC5445"	2	1	12	3	2	1	5
"OXC5451"	"OXC5451"	2	1	12	3	2	1	5
"OXC5452"	"OXC5452"	7	53	2	10	11	3	3
"OXC5454"	"OXC5454"	2	21	5	2	59	1	5
"OXC5455"	"OXC5455"	62	4	5	62	2	1	5
"OXC5456"	"OXC5456"	2	4	1	2	7	1	5
"OXC5457"	"OXC5457"	2	71	12	62	11	67	6
"OXC5459"	"OXC5459"	24	2	2	2	10	3	3
"OXC5460"	"OXC5460"	24	17	2	15	23	3	12
"OXC5462"	"OXC5462"	2	1	12	3	2	1	5
"OXC5463"	"OXC5463"	2	1	5	3	2	1	5
"OXC5464"	"OXC5464"	8	2	5	53	11	3	1
"OXC5465"	"OXC5465"	2	1	1	3	2	1	5
"OXC5466"	"OXC5466"	8	10	2	2	11	12	6
"OXC5470"	"OXC5470"	8	1	6	3	2	1	1
"OXC5472"	"OXC5472"	7	2	5	2	10	3	6
"OXC5473"	"OXC5473"	33	39	30	82	23	43	17
"OXC5474"	"OXC5474"	2	1	1	3	2	1	5
"OXC5475"	"OXC5475"	8	10	2	2	11	12	6
"OXC5476"	"OXC5476"	2	1	5	3	2	1	5
"OXC5477"	"OXC5477"	2	4	1	2	7	1	5
"OXC5479"	"OXC5479"	24	2	2	2	10	3	3
"OXC5480"	"OXC5480"	7	17	5	2	86	3	1
"OXC5482"	"OXC5482"	33	39	65	79	104	85	17
"OXC5483"	"OXC5483"	2	4	1	2	7	1	5
"OXC5484"	"OXC5484"	2	4	1	2	7	1	5
"OXC5486"	"OXC5486"	33	153	122	82	113	44	17
"OXC5490"	"OXC5490"	22	61	4	64	74	25	23
"OXC5493"	"OXC5493"	1	4	2	2	6	3	17
"OXC5495"	"OXC5495"	2	1	1	3	2	1	5
"OXC5497"	"OXC5497"	9	2	4	62	4	5	6
"OXC5498"	"OXC5498"	2	1	1	3	2	1	5
"OXC5499"	"OXC5499"	7	2	5	2	10	3	6
"OXC5604"	"OXC5604"	8	10	2	210	11	12	6
"OXC5605"	"OXC5605"	33	39	30	79	113	43	17
"OXC5608"	"OXC5608"	9	25	2	10	22	3	6
"OXC5613"	"OXC5613"	1	4	2	2	6	3	17
"OXC5614"	"OXC5614"	2	4	1	4	19	62	5
"OXC5616"	"OXC5616"	7	53	2	10	11	3	3
"OXC5617"	"OXC5617"	2	1	21	3	2	1	5
"OXC5618"	"OXC5618"	2	1	1	3	2	1	5
"OXC5620"	"OXC5620"	7	17	2	15	23	3	12
"OXC5622"	"OXC5622"	7	71	5	190	11	67	1
"OXC5623"	"OXC5623"	8	1	6	3	2	1	NA
"OXC5625"	"OXC5625"	2	1	1	3	2	1	5
"OXC5626"	"OXC5626"	2	4	1	4	19	62	5
"OXC5627"	"OXC5627"	8	10	2	210	11	12	6
"OXC5628"	"OXC5628"	2	1	12	3	2	1	5
"OXC5629"	"OXC5629"	33	39	30	79	104	35	17
"OXC5630"	"OXC5630"	24	2	2	2	10	289	1
"OXC5631"	"OXC5631"	24	2	2	2	10	289	1
"OXC5632"	"OXC5632"	9	2	4	62	4	5	6
"OXC5633"	"OXC5633"	7	17	5	2	86	232	1
"OXC5634"	"OXC5634"	7	2	5	2	10	3	6
"OXC5635"	"OXC5635"	124	39	30	79	104	47	17
"OXC5636"	"OXC5636"	2	4	1	2	7	1	5
"OXC5638"	"OXC5638"	7	15	5	62	67	3	6
"OXC5639"	"OXC5639"	2	17	2	3	2	1	5
"OXC5640"	"OXC5640"	2	4	1	2	7	1	5
"OXC5641"	"OXC5641"	9	2	4	62	4	5	12
"OXC5642"	"OXC5642"	7	71	2	62	11	34	6
"OXC5643"	"OXC5643"	9	2	4	62	4	5	6
"OXC5645"	"OXC5645"	24	2	2	2	10	3	1
"OXC5646"	"OXC5646"	7	17	2	15	23	3	12
"OXC5647"	"OXC5647"	2	1	5	3	2	1	5
"OXC5648"	"OXC5648"	62	4	5	2	2	1	5
"OXC5649"	"OXC5649"	2	1	1	3	2	1	5
"OXC5651"	"OXC5651"	2	1	12	3	2	1	5
"OXC5652"	"OXC5652"	2	1	1	3	2	1	5
"OXC5660"	"OXC5660"	24	21	2	2	2	59	6
"OXC5664"	"OXC5664"	2	1	12	3	2	1	5
"OXC5665"	"OXC5665"	1	4	2	2	6	3	17
"OXC5669"	"OXC5669"	7	52	29	48	127	99	23
"OXC5670"	"OXC5670"	24	21	2	2	2	59	6
"OXC5671"	"OXC5671"	2	17	2	3	2	1	5
"OXC5672"	"OXC5672"	24	21	2	2	2	59	6
"OXC5673"	"OXC5673"	8	10	2	2	11	12	6
"OXC5674"	"OXC5674"	9	25	2	10	22	3	6
"OXC5675"	"OXC5675"	2	4	1	2	7	1	5
"OXC5676"	"OXC5676"	7	17	2	15	23	3	12
"OXC5677"	"OXC5677"	33	66	30	174	188	43	17
"OXC5679"	"OXC5679"	7	2	5	2	10	3	6
"OXC5680"	"OXC5680"	7	2	5	2	10	3	6
"OXC5681"	"OXC5681"	121	397	330	434	556	NA	324
"OXC5682"	"OXC5682"	1	4	2	2	6	3	17
"OXC5685"	"OXC5685"	33	39	30	82	112	56	17
"OXC5686"	"OXC5686"	8	17	5	2	10	59	6
"OXC5688"	"OXC5688"	33	39	30	82	104	56	17
"OXC5689"	"OXC5689"	2	4	2	4	19	3	6
"OXC5690"	"OXC5690"	7	2	5	2	10	3	6
"OXC5691"	"OXC5691"	2	1	12	3	2	1	5
"OXC5694"	"OXC5694"	2	4	1	2	7	1	5
"OXC5695"	"OXC5695"	8	10	2	2	11	12	6
"OXC5696"	"OXC5696"	2	1	21	3	2	1	5
"OXC5698"	"OXC5698"	62	4	5	2	2	1	5
"OXC5700"	"OXC5700"	8	10	2	2	11	12	6
"OXC5701"	"OXC5701"	7	17	5	2	10	3	6
"OXC5702"	"OXC5702"	7	17	2	15	23	3	12
"OXC5703"	"OXC5703"	9	2	4	62	4	5	6
"OXC5705"	"OXC5705"	33	39	30	82	113	44	17
"OXC5707"	"OXC5707"	2	4	1	2	7	1	5
"OXC5708"	"OXC5708"	2	1	42	3	148	1	5
"OXC5709"	"OXC5709"	9	2	4	62	4	5	12
"OXC5710"	"OXC5710"	2	1	1	3	2	1	5
"OXC5711"	"OXC5711"	2	4	1	2	7	1	5
"OXC5712"	"OXC5712"	2	4	1	2	7	1	5
"OXC5713"	"OXC5713"	2	1	1	3	2	1	5
"OXC5715"	"OXC5715"	24	2	2	2	10	3	3
"OXC5716"	"OXC5716"	2	4	2	2	6	1	5
"OXC5720"	"OXC5720"	2	1	12	3	2	1	5
"OXC5721"	"OXC5721"	7	2	5	2	10	3	6
"OXC5723"	"OXC5723"	33	39	30	82	104	56	17
"OXC5724"	"OXC5724"	2	1	5	3	2	1	5
"OXC5725"	"OXC5725"	2	1	12	3	2	1	5
"OXC5726"	"OXC5726"	7	2	5	2	10	3	6
"OXC5727"	"OXC5727"	24	2	2	2	10	3	1
"OXC5728"	"OXC5728"	2	1	5	3	2	61	5
"OXC5731"	"OXC5731"	2	1	12	3	2	1	5
"OXC5732"	"OXC5732"	8	2	5	53	11	3	1
"OXC5733"	"OXC5733"	14	45	2	4	19	3	6
"OXC5734"	"OXC5734"	62	4	5	2	2	1	5
"OXC5737"	"OXC5737"	2	1	5	3	2	54	5
"OXC5739"	"OXC5739"	2	1	1	3	2	1	5
"OXC5740"	"OXC5740"	2	21	5	37	2	1	5
"OXC5741"	"OXC5741"	8	10	2	2	11	12	6
"OXC5742"	"OXC5742"	33	39	30	82	113	44	17
"OXC5743"	"OXC5743"	1	2	42	4	98	58	34
"OXC5744"	"OXC5744"	4	7	10	4	42	7	1
"OXC5745"	"OXC5745"	2	4	1	2	7	1	5
"OXC5747"	"OXC5747"	9	25	2	10	23	3	6
"OXC5748"	"OXC5748"	9	25	2	10	23	3	6
"OXC5750"	"OXC5750"	8	17	5	2	10	59	6
"OXC5751"	"OXC5751"	9	25	2	10	23	3	6
"OXC5753"	"OXC5753"	24	30	1	2	89	3	6
"OXC5754"	"OXC5754"	2	1	1	3	2	1	5
"OXC5757"	"OXC5757"	2	1	1	3	2	1	5
"OXC5758"	"OXC5758"	7	17	2	15	23	3	12
"OXC5759"	"OXC5759"	24	2	5	72	2	5	6
"OXC5761"	"OXC5761"	2	4	1	93	11	3	6
"OXC5762"	"OXC5762"	1	6	60	24	12	28	1
"OXC5763"	"OXC5763"	33	39	30	82	113	47	17
"OXC5764"	"OXC5764"	7	17	2	15	23	3	12
"OXC5765"	"OXC5765"	24	2	2	2	10	3	1
"OXC5766"	"OXC5766"	2	1	12	3	2	1	5
"OXC5767"	"OXC5767"	2	1	21	3	2	1	5
"OXC5768"	"OXC5768"	292	66	30	82	113	206	17
"OXC5769"	"OXC5769"	6	4	5	2	2	456	5
"OXC5771"	"OXC5771"	2	1	12	3	2	1	5
"OXC5772"	"OXC5772"	8	1	6	3	2	1	12
"OXC5773"	"OXC5773"	33	39	30	82	104	43	17
"OXC5774"	"OXC5774"	2	1	5	3	2	3	5
"OXC5775"	"OXC5775"	2	4	2	4	19	3	6
"OXC5776"	"OXC5776"	7	53	2	10	11	3	3
"OXC5777"	"OXC5777"	24	2	2	2	10	3	1
"OXC5778"	"OXC5778"	22	15	4	64	74	25	23
"OXC5779"	"OXC5779"	9	2	4	62	4	5	6
"OXC5780"	"OXC5780"	7	2	5	2	10	3	6
"OXC5781"	"OXC5781"	9	2	4	62	4	5	6
"OXC5782"	"OXC5782"	7	53	2	10	11	3	3
"OXC5785"	"OXC5785"	1	2	3	4	5	9	3
"OXC5786"	"OXC5786"	7	17	5	2	86	3	1
"OXC5787"	"OXC5787"	7	53	2	10	11	3	3
"OXC5788"	"OXC5788"	9	2	4	62	4	5	6
"OXC5789"	"OXC5789"	24	2	5	53	23	3	1
"OXC5791"	"OXC5791"	2	1	1	3	2	1	5
"OXC5792"	"OXC5792"	7	53	2	10	11	3	3
"OXC5793"	"OXC5793"	2	4	1	93	11	3	6
"OXC5794"	"OXC5794"	9	2	4	62	4	5	12
"OXC5795"	"OXC5795"	7	28	4	28	17	34	12
"OXC5796"	"OXC5796"	33	39	30	82	113	44	17
"OXC5797"	"OXC5797"	8	10	2	210	11	12	6
"OXC5798"	"OXC5798"	7	1	2	83	2	3	6
"OXC5799"	"OXC5799"	2	1	12	3	2	1	5
"OXC5800"	"OXC5800"	22	15	4	64	74	25	23
"OXC5801"	"OXC5801"	7	17	2	15	23	3	12
"OXC5802"	"OXC5802"	8	10	5	2	11	12	6
"OXC5803"	"OXC5803"	9	25	2	10	22	3	6
"OXC5804"	"OXC5804"	2	1	21	3	2	1	5
"OXC5805"	"OXC5805"	7	17	2	15	23	3	12
"OXC5807"	"OXC5807"	24	2	2	2	10	3	3
"OXC5808"	"OXC5808"	2	1	21	3	2	1	5
"OXC5809"	"OXC5809"	7	17	2	15	23	3	12
"OXC5810"	"OXC5810"	33	39	30	82	189	44	17
"OXC5811"	"OXC5811"	8	1	6	3	2	1	12
"OXC5812"	"OXC5812"	7	53	2	10	11	3	3
"OXC5813"	"OXC5813"	7	2	5	2	10	3	6
"OXC5814"	"OXC5814"	2	4	1	2	7	1	5
"OXC5815"	"OXC5815"	7	53	2	10	11	3	3
"OXC5816"	"OXC5816"	4	7	10	4	1	7	1
"OXC5817"	"OXC5817"	9	2	4	62	4	5	6
"OXC5818"	"OXC5818"	2	1	5	3	2	1	5
"OXC5819"	"OXC5819"	2	1	1	3	2	1	5
"OXC5820"	"OXC5820"	9	2	4	62	4	133	6
"OXC5821"	"OXC5821"	8	1	6	3	2	1	12
"OXC5822"	"OXC5822"	2	1	1	3	2	1	5
"OXC5823"	"OXC5823"	2	1	21	3	2	1	5
"OXC5824"	"OXC5824"	7	71	5	321	11	67	6
"OXC5825"	"OXC5825"	2	1	21	3	2	1	5
"OXC5826"	"OXC5826"	2	1	1	3	2	1	5
"OXC5827"	"OXC5827"	33	39	30	79	113	47	17
"OXC5828"	"OXC5828"	NA	2	4	62	4	5	12
"OXC5829"	"OXC5829"	2	1	12	3	2	1	5
"OXC5830"	"OXC5830"	8	17	5	2	10	59	6
"OXC5831"	"OXC5831"	33	39	30	82	189	47	17
"OXC5832"	"OXC5832"	2	1	1	3	2	1	5
"OXC5833"	"OXC5833"	9	2	4	NA	4	5	12
"OXC5834"	"OXC5834"	24	2	2	2	10	3	3
"OXC5835"	"OXC5835"	2	1	1	3	2	1	5
"OXC5837"	"OXC5837"	33	39	30	82	104	56	17
"OXC5838"	"OXC5838"	2	1	5	2	7	1	5
"OXC5839"	"OXC5839"	7	17	5	2	13	3	6
"OXC5840"	"OXC5840"	2	1	5	3	2	1	5
"OXC5841"	"OXC5841"	8	1	6	3	2	1	12
"OXC5842"	"OXC5842"	33	39	66	82	104	44	174
"OXC5843"	"OXC5843"	2	1	42	3	148	1	5
"OXC5844"	"OXC5844"	1	4	2	2	6	3	17
"OXC5845"	"OXC5845"	24	30	5	2	89	3	6
"OXC5846"	"OXC5846"	2	1	1	3	2	1	5
"OXC5847"	"OXC5847"	8	10	2	210	11	12	6
"OXC5848"	"OXC5848"	2	1	1	3	2	1	5
"OXC5849"	"OXC5849"	33	39	30	79	104	47	17
"OXC5850"	"OXC5850"	4	7	10	4	1	7	1
"OXC5851"	"OXC5851"	24	2	2	2	10	3	1
"OXC5852"	"OXC5852"	2	4	2	4	19	3	6
"OXC5853"	"OXC5853"	33	39	30	79	104	47	17
"OXC5854"	"OXC5854"	3	1	5	17	11	11	6
"OXC5855"	"OXC5855"	33	39	30	82	113	47	17
"OXC5856"	"OXC5856"	33	39	30	79	104	47	17
"OXC5857"	"OXC5857"	9	25	2	10	23	3	6
"OXC5858"	"OXC5858"	7	71	2	62	11	34	6
"OXC5859"	"OXC5859"	9	2	4	62	4	5	12
"OXC5860"	"OXC5860"	1	4	2	2	6	3	17
"OXC5861"	"OXC5861"	2	4	1	2	7	1	5
"OXC5862"	"OXC5862"	2	1	1	3	2	1	5
"OXC5863"	"OXC5863"	24	2	2	2	10	3	1
"OXC5864"	"OXC5864"	33	39	30	82	189	47	17
"OXC5865"	"OXC5865"	9	2	4	62	4	5	12
"OXC5866"	"OXC5866"	9	2	4	62	4	5	6
"OXC5869"	"OXC5869"	9	2	4	62	4	5	12
"OXC5870"	"OXC5870"	33	39	30	139	113	47	17
"OXC5871"	"OXC5871"	2	1	5	3	2	1	5
"OXC5872"	"OXC5872"	9	2	4	62	4	5	6
"OXC5873"	"OXC5873"	7	17	2	15	23	3	12
"OXC5874"	"OXC5874"	2	4	1	2	7	1	5
"OXC5875"	"OXC5875"	1	4	2	2	6	3	17
"OXC5876"	"OXC5876"	2	4	1	NA	11	3	6
"OXC5877"	"OXC5877"	2	4	1	4	19	62	5
"OXC5878"	"OXC5878"	2	4	1	2	7	1	5
"OXC5879"	"OXC5879"	2	1	12	3	2	1	5
"OXC5880"	"OXC5880"	2	1	21	3	2	1	5
"OXC5882"	"OXC5882"	14	45	2	4	19	3	6
"OXC5883"	"OXC5883"	9	2	2	2	NA	5	6
"OXC5884"	"OXC5884"	2	NA	5	37	60	1	5
"OXC5885"	"OXC5885"	9	2	4	62	4	5	6
"OXC5886"	"OXC5886"	7	2	5	2	10	3	6
"OXC5887"	"OXC5887"	2	1	5	3	2	1	5
"OXC5888"	"OXC5888"	8	1	6	3	2	1	12
"OXC5889"	"OXC5889"	9	2	4	62	4	5	12
"OXC5890"	"OXC5890"	1	2	3	4	5	9	3
"OXC5891"	"OXC5891"	62	4	5	2	2	1	5
"OXC5892"	"OXC5892"	2	4	5	25	11	3	5
"OXC5893"	"OXC5893"	10	27	16	19	10	5	130
"OXC5894"	"OXC5894"	7	28	4	28	17	34	12
"OXC5895"	"OXC5895"	8	1	6	3	2	1	12
"OXC5896"	"OXC5896"	NA	NA	NA	NA	NA	NA	NA
"OXC5897"	"OXC5897"	7	2	5	72	2	383	6
"OXC5898"	"OXC5898"	9	25	2	10	22	3	6
"OXC5899"	"OXC5899"	2	1	5	3	2	1	5
"OXC5900"	"OXC5900"	9	25	2	10	22	3	6
"OXC5902"	"OXC5902"	2	1	12	3	2	1	5
"OXC5903"	"OXC5903"	9	2	4	62	4	5	6
"OXC5904"	"OXC5904"	91	2	42	4	169	9	8
"OXC5905"	"OXC5905"	2	1	12	3	2	1	5
"OXC5906"	"OXC5906"	2	1	12	3	2	1	5
"OXC5907"	"OXC5907"	9	2	4	62	4	5	6
"OXC5908"	"OXC5908"	4	7	40	4	42	51	1
"OXC5909"	"OXC5909"	2	1	21	3	2	1	5
"OXC5910"	"OXC5910"	24	2	2	2	10	3	1
"OXC5911"	"OXC5911"	7	17	27	10	11	3	6
"OXC5912"	"OXC5912"	10	27	16	19	10	5	7
"OXC5914"	"OXC5914"	7	53	2	10	11	3	3
"OXC5915"	"OXC5915"	9	2	4	62	4	5	6
"OXC5916"	"OXC5916"	9	2	4	62	4	133	6
"OXC5917"	"OXC5917"	9	25	2	10	22	3	6
"OXC5918"	"OXC5918"	2	1	21	3	2	1	5
"OXC5921"	"OXC5921"	24	2	2	2	10	3	3
"OXC5922"	"OXC5922"	33	39	30	82	104	56	17
"OXC5923"	"OXC5923"	33	39	30	82	104	56	17
"OXC5924"	"OXC5924"	2	1	1	3	2	1	5
"OXC5925"	"OXC5925"	2	1	12	3	2	1	5
"OXC5926"	"OXC5926"	2	1	12	3	2	1	5
"OXC5927"	"OXC5927"	8	10	2	210	11	12	6
"OXC5928"	"OXC5928"	7	17	2	15	23	3	1
"OXC5929"	"OXC5929"	2	1	1	3	2	1	5
"OXC5930"	"OXC5930"	2	4	1	2	7	1	5
"OXC5931"	"OXC5931"	7	17	5	2	10	3	6
"OXC5932"	"OXC5932"	9	2	4	62	4	5	12
"OXC5933"	"OXC5933"	1	3	6	4	3	3	3
"OXC5934"	"OXC5934"	7	227	5	72	10	3	1
"OXC5937"	"OXC5937"	2	1	1	3	2	1	5
"OXC5938"	"OXC5938"	2	1	1	3	2	1	5
"OXC5939"	"OXC5939"	2	21	5	37	2	1	5
"OXC5940"	"OXC5940"	24	2	2	2	10	3	1
"OXC5941"	"OXC5941"	4	7	10	4	1	7	1
"OXC6250"	"OXC6250"	9	2	4	62	4	5	6
"OXC6251"	"OXC6251"	2	1	1	3	2	1	5
"OXC6252"	"OXC6252"	62	4	5	2	2	1	5
"OXC6253"	"OXC6253"	33	39	30	82	113	43	17
"OXC6254"	"OXC6254"	9	2	4	62	4	5	6
"OXC6255"	"OXC6255"	2	1	1	3	2	1	5
"OXC6256"	"OXC6256"	9	17	5	10	350	3	3
"OXC6257"	"OXC6257"	2	1	1	3	2	1	5
"OXC6258"	"OXC6258"	33	39	30	79	113	47	17
"OXC6259"	"OXC6259"	4	7	10	4	1	7	1
"OXC6260"	"OXC6260"	7	2	5	2	10	3	6
"OXC6261"	"OXC6261"	2	NA	4	64	332	7	23
"OXC6262"	"OXC6262"	24	2	5	53	23	3	1
"OXC6263"	"OXC6263"	33	39	30	79	104	47	17
"OXC6264"	"OXC6264"	1	3	6	4	3	3	3
"OXC6265"	"OXC6265"	2	4	1	2	7	1	5
"OXC6266"	"OXC6266"	2	1	12	3	2	1	5
"OXC6267"	"OXC6267"	33	39	30	79	247	43	17
"OXC6268"	"OXC6268"	1	4	2	2	6	3	17
"OXC6269"	"OXC6269"	2	4	1	2	7	1	5
"OXC6270"	"OXC6270"	2	1	1	3	2	1	5
"OXC6271"	"OXC6271"	1	6	60	24	12	28	1
"OXC6272"	"OXC6272"	2	4	1	3	7	1	5
"OXC6273"	"OXC6273"	1	6	60	24	12	28	1
"OXC6274"	"OXC6274"	7	17	2	15	23	3	12
"OXC6275"	"OXC6275"	2	1	1	3	2	1	5
"OXC6276"	"OXC6276"	33	39	65	82	NA	47	17
"OXC6277"	"OXC6277"	2	1	12	3	2	1	5
"OXC6278"	"OXC6278"	4	7	10	4	1	7	1
"OXC6279"	"OXC6279"	2	84	2	68	2	68	5
"OXC6281"	"OXC6281"	9	17	5	10	350	3	3
"OXC6282"	"OXC6282"	2	1	21	3	2	1	5
"OXC6283"	"OXC6283"	1	4	2	2	6	3	17
"OXC6284"	"OXC6284"	2	4	1	2	7	1	5
"OXC6285"	"OXC6285"	2	1	1	3	2	1	5
"OXC6286"	"OXC6286"	2	1	12	3	2	1	5
"OXC6287"	"OXC6287"	8	10	2	2	11	NA	6
"OXC6288"	"OXC6288"	24	2	2	2	10	3	1
"OXC6289"	"OXC6289"	2	1	12	3	2	1	5
"OXC6290"	"OXC6290"	9	2	4	62	4	5	6
"OXC6291"	"OXC6291"	9	2	4	62	4	5	12
"OXC6292"	"OXC6292"	2	1	12	3	2	1	5
"OXC6293"	"OXC6293"	4	7	10	4	1	7	1
"OXC6294"	"OXC6294"	4	7	10	4	42	51	1
"OXC6295"	"OXC6295"	2	4	1	2	7	1	5
"OXC6296"	"OXC6296"	87	39	30	79	243	43	17
"OXC6297"	"OXC6297"	33	39	30	82	113	47	17
"OXC6298"	"OXC6298"	8	10	2	2	11	12	6
"OXC6299"	"OXC6299"	8	10	2	2	11	12	6
"OXC6300"	"OXC6300"	8	1	6	3	2	1	12
"OXC6301"	"OXC6301"	2	1	42	3	148	1	5
"OXC6302"	"OXC6302"	7	17	2	15	23	3	12
"OXC6303"	"OXC6303"	2	1	5	3	2	1	5
"OXC6304"	"OXC6304"	7	53	2	10	11	3	3
"OXC6305"	"OXC6305"	2	1	42	3	148	1	5
"OXC6306"	"OXC6306"	2	21	5	37	60	1	5
"OXC6307"	"OXC6307"	2	21	5	37	60	1	5
"OXC6308"	"OXC6308"	33	39	30	82	104	56	17
"OXC6309"	"OXC6309"	33	110	30	115	104	43	17
"OXC6310"	"OXC6310"	2	1	1	3	2	1	5
"OXC6311"	"OXC6311"	7	17	2	15	23	3	12
"OXC6312"	"OXC6312"	33	39	30	82	104	56	17
"OXC6313"	"OXC6313"	4	7	10	4	1	7	1
"OXC6314"	"OXC6314"	4	7	10	4	1	7	1
"OXC6315"	"OXC6315"	2	21	5	37	2	1	5
"OXC6316"	"OXC6316"	7	17	2	15	23	3	12
"OXC6317"	"OXC6317"	2	1	1	3	2	1	5
"OXC6318"	"OXC6318"	14	17	5	2	11	3	6
"OXC6319"	"OXC6319"	14	17	5	2	11	3	6
"OXC6320"	"OXC6320"	91	2	42	4	169	9	8
"OXC6321"	"OXC6321"	4	7	10	4	1	7	1
"OXC6322"	"OXC6322"	9	17	5	10	350	3	3
"OXC6323"	"OXC6323"	7	53	2	10	11	3	3
"OXC6324"	"OXC6324"	2	1	21	3	2	1	5
"OXC6325"	"OXC6325"	2	1	5	3	2	1	5
"OXC6326"	"OXC6326"	2	1	12	3	2	1	5
"OXC6327"	"OXC6327"	64	81	111	143	134	153	16
"OXC6328"	"OXC6328"	2	4	1	2	7	1	5
"OXC6329"	"OXC6329"	2	1	1	3	2	1	5
"OXC6330"	"OXC6330"	4	7	10	4	42	51	1
"OXC6331"	"OXC6331"	2	1	12	3	2	1	5
"OXC6332"	"OXC6332"	10	81	50	99	120	76	52
"OXC6333"	"OXC6333"	1	2	3	4	5	9	3
"OXC6334"	"OXC6334"	2	1	1	3	2	1	5
"OXC6335"	"OXC6335"	2	1	1	3	2	1	5
"OXC6336"	"OXC6336"	91	2	42	4	169	9	8
"OXC6337"	"OXC6337"	33	39	65	140	104	43	17
"OXC6338"	"OXC6338"	33	39	30	79	104	206	17
"OXC6339"	"OXC6339"	4	7	10	4	1	7	1
"OXC6340"	"OXC6340"	2	1	1	3	2	1	3
"OXC6341"	"OXC6341"	24	2	5	53	23	3	1
"OXC6342"	"OXC6342"	7	17	2	15	23	3	12
"OXC6343"	"OXC6343"	33	39	30	82	104	47	36
"OXC6344"	"OXC6344"	9	2	4	62	4	5	6
"OXC6345"	"OXC6345"	2	4	1	2	7	1	5
"OXC6346"	"OXC6346"	1	4	2	2	6	3	17
"OXC6347"	"OXC6347"	2	1	12	3	2	1	5
"OXC6348"	"OXC6348"	2	4	2	2	6	3	17
"OXC6349"	"OXC6349"	10	1	59	19	10	5	7
"OXC6350"	"OXC6350"	1	2	3	4	5	9	3
"OXC6351"	"OXC6351"	4	7	10	4	1	7	1
"OXC6352"	"OXC6352"	24	2	2	2	10	3	1
"OXC6353"	"OXC6353"	7	114	2	83	2	3	6
"OXC6354"	"OXC6354"	2	4	1	2	7	1	5
"OXC6355"	"OXC6355"	2	1	5	3	2	1	5
"OXC6356"	"OXC6356"	24	2	2	2	10	3	1
"OXC6357"	"OXC6357"	7	17	2	15	23	3	12
"OXC6358"	"OXC6358"	2	7	10	4	1	7	1
"OXC6359"	"OXC6359"	24	2	5	53	23	3	1
"OXC6360"	"OXC6360"	9	17	5	10	350	3	3
"OXC6361"	"OXC6361"	7	53	2	10	11	3	3
"OXC6362"	"OXC6362"	9	2	4	62	4	5	6
"OXC6363"	"OXC6363"	2	4	2	4	19	3	6
"OXC6364"	"OXC6364"	1	6	22	24	12	28	1
"OXC6365"	"OXC6365"	4	7	10	4	1	7	1
"OXC6366"	"OXC6366"	7	17	2	15	23	3	12
"OXC6367"	"OXC6367"	2	1	21	3	2	1	5
"OXC6368"	"OXC6368"	9	25	2	10	22	3	6
"OXC6369"	"OXC6369"	4	7	40	4	42	51	1
"OXC6370"	"OXC6370"	2	1	5	3	2	1	5
"OXC6371"	"OXC6371"	33	110	30	115	104	43	17
"OXC6372"	"OXC6372"	33	39	30	139	113	47	17
"OXC6373"	"OXC6373"	4	7	40	4	42	51	1
"OXC6374"	"OXC6374"	NA	112	5	2	13	1	26
"OXC6375"	"OXC6375"	9	2	4	62	4	5	6
"OXC6376"	"OXC6376"	33	110	30	115	104	43	17
"OXC6377"	"OXC6377"	2	4	1	2	7	1	5
"OXC6378"	"OXC6378"	33	39	30	139	113	47	17
"OXC6379"	"OXC6379"	2	1	5	NA	2	1	5
"OXC6380"	"OXC6380"	33	39	30	82	113	47	NA
"OXC6381"	"OXC6381"	2	4	1	93	11	3	6
"OXC6382"	"OXC6382"	62	4	5	2	2	1	5
"OXC6383"	"OXC6383"	2	1	1	3	2	1	5
"OXC6384"	"OXC6384"	2	1	5	3	2	1	5
"OXC6385"	"OXC6385"	33	39	30	79	104	206	17
"OXC6386"	"OXC6386"	33	39	30	82	113	43	17
"OXC6387"	"OXC6387"	2	4	5	2	2	1	5
"OXC6388"	"OXC6388"	1	2	3	4	5	9	3
"OXC6389"	"OXC6389"	2	4	1	4	19	62	5
"OXC6390"	"OXC6390"	9	2	4	62	4	5	6
"OXC6391"	"OXC6391"	7	53	2	10	11	3	3
"OXC6392"	"OXC6392"	7	53	2	10	11	3	3
"OXC6393"	"OXC6393"	2	1	12	NA	2	1	5
"OXC6394"	"OXC6394"	2	1	5	3	2	1	5
"OXC6395"	"OXC6395"	103	110	103	140	188	164	79
"OXC6396"	"OXC6396"	7	17	2	15	23	3	12
"OXC6397"	"OXC6397"	6	4	5	2	2	1	5
"OXC6400"	"OXC6400"	33	39	30	82	113	47	17
"OXC6401"	"OXC6401"	9	2	4	62	4	5	6
"OXC6402"	"OXC6402"	1	4	2	2	6	3	17
"OXC6403"	"OXC6403"	2	4	1	2	7	1	5
"OXC6404"	"OXC6404"	9	2	4	62	4	5	12
"OXC6405"	"OXC6405"	2	1	1	3	2	1	5
"OXC6406"	"OXC6406"	1	94	6	4	3	3	3
"OXC6407"	"OXC6407"	9	2	4	62	4	5	6
"OXC6408"	"OXC6408"	69	74	61	6	97	89	48
"OXC6409"	"OXC6409"	1	2	3	4	5	9	3
"OXC6410"	"OXC6410"	2	59	4	38	10	NA	35
"OXC6411"	"OXC6411"	2	4	1	2	7	1	5
"OXC6412"	"OXC6412"	9	2	4	62	4	5	6
"OXC6413"	"OXC6413"	7	4	5	2	11	1	5
"OXC6414"	"OXC6414"	1	3	6	4	3	3	3
"OXC6415"	"OXC6415"	1	2	3	4	5	9	3
"OXC6416"	"OXC6416"	33	39	30	82	104	44	17
"OXC6417"	"OXC6417"	1	2	3	4	5	9	3
"OXC6418"	"OXC6418"	8	10	2	2	11	12	6
"OXC6419"	"OXC6419"	4	7	10	4	1	7	1
"OXC6420"	"OXC6420"	2	1	1	3	2	1	5
"OXC6421"	"OXC6421"	2	4	1	2	7	1	5
"OXC6422"	"OXC6422"	62	4	5	2	2	1	5
"OXC6423"	"OXC6423"	24	2	2	2	10	3	1
"OXC6424"	"OXC6424"	33	39	30	82	113	47	17
"OXC6425"	"OXC6425"	33	110	30	116	113	47	17
"OXC6426"	"OXC6426"	32	66	66	82	104	43	17
"OXC6427"	"OXC6427"	24	21	2	2	2	59	6
"OXC6428"	"OXC6428"	33	39	30	79	113	43	17
"OXC6429"	"OXC6429"	2	1	1	3	492	1	5
"OXC6430"	"OXC6430"	62	4	5	2	2	1	5
"OXC6431"	"OXC6431"	22	15	4	64	74	25	23
"OXC6432"	"OXC6432"	73	21	2	10	86	3	6
"OXC6433"	"OXC6433"	7	28	4	28	17	34	12
"OXC6434"	"OXC6434"	124	39	30	82	189	47	74
"OXC6435"	"OXC6435"	7	28	4	28	17	34	12
"OXC6436"	"OXC6436"	2	10	2	4	19	3	6
"OXC6437"	"OXC6437"	4	7	10	4	1	7	1
"OXC6438"	"OXC6438"	7	2	5	2	10	3	6
"OXC6440"	"OXC6440"	7	17	2	15	23	3	12
"OXC6441"	"OXC6441"	9	25	2	10	22	3	6
"OXC6442"	"OXC6442"	33	66	30	79	163	43	292
"OXC6443"	"OXC6443"	33	66	30	79	163	43	292
"OXC6444"	"OXC6444"	NA	NA	NA	NA	NA	NA	NA
"OXC6446"	"OXC6446"	22	53	4	28	363	3	35
"OXC6447"	"OXC6447"	33	39	30	82	104	56	17
"OXC6448"	"OXC6448"	4	7	10	4	42	7	1
"OXC6449"	"OXC6449"	2	1	12	3	2	1	5
"OXC6450"	"OXC6450"	9	2	4	62	4	5	6
"OXC6451"	"OXC6451"	8	10	2	2	11	12	6
"OXC6453"	"OXC6453"	1	4	2	2	6	3	17
"OXC6454"	"OXC6454"	62	4	5	2	2	1	5
"OXC6455"	"OXC6455"	7	17	5	2	22	5	1
"OXC6456"	"OXC6456"	7	17	5	2	10	3	6
"OXC6457"	"OXC6457"	2	1	12	3	2	1	5
"OXC6458"	"OXC6458"	24	2	2	2	10	3	12
"OXC6459"	"OXC6459"	2	1	12	3	2	1	5
"OXC6460"	"OXC6460"	124	39	30	79	104	47	17
"OXC6461"	"OXC6461"	2	1	12	3	2	1	5
"OXC6462"	"OXC6462"	62	4	5	2	2	1	5
"OXC6463"	"OXC6463"	22	15	4	64	74	25	23
"OXC6464"	"OXC6464"	2	1	1	3	492	1	5
"OXC6465"	"OXC6465"	62	4	5	2	2	1	5
"OXC6466"	"OXC6466"	24	2	5	53	23	3	1
"OXC6467"	"OXC6467"	9	2	4	62	4	5	12
"OXC6468"	"OXC6468"	24	2	2	2	10	59	1
"OXC6469"	"OXC6469"	9	2	4	62	4	5	12
"OXC6470"	"OXC6470"	62	4	5	2	2	1	5
"OXC6471"	"OXC6471"	33	39	30	82	104	56	17
"OXC6471_V2"	"OXC6471_V2"	33	39	30	82	104	56	17
"OXC6471R"	"OXC6471R"	33	39	30	82	104	56	17
"OXC6471R_V2"	"OXC6471R_V2"	33	39	30	82	104	56	17
"OXC6472"	"OXC6472"	33	39	30	82	104	56	17
"OXC6472_V2"	"OXC6472_V2"	33	39	30	82	104	56	17
"OXC6472R"	"OXC6472R"	33	39	30	82	104	56	17
"OXC6472R_V2"	"OXC6472R_V2"	33	39	30	82	104	56	17
"OXC6473"	"OXC6473"	7	2	5	2	10	3	6
"OXC6474"	"OXC6474"	33	39	30	82	104	56	17
"OXC6475"	"OXC6475"	24	2	2	2	10	3	3
"OXC6476"	"OXC6476"	33	39	30	79	113	47	17
"OXC6477"	"OXC6477"	62	4	5	2	2	1	5
"OXC6478"	"OXC6478"	7	2	5	2	10	3	6
"OXC6479"	"OXC6479"	2	17	2	3	2	1	5
"OXC6480"	"OXC6480"	2	115	57	26	127	29	35
"OXC6481"	"OXC6481"	7	254	2	15	23	3	12
"OXC6482"	"OXC6482"	1	6	29	2	40	32	3
"OXC6483"	"OXC6483"	2	1	1	3	2	1	5
"OXC6484"	"OXC6484"	10	27	16	19	10	5	7
"OXC6484_V2"	"OXC6484_V2"	10	27	16	19	10	5	7
"OXC6484R"	"OXC6484R"	10	27	16	19	10	5	7
"OXC6484R_V2"	"OXC6484R_V2"	10	27	16	19	10	5	7
"OXC6485"	"OXC6485"	10	27	16	19	10	5	7
"OXC6485_V2"	"OXC6485_V2"	10	27	16	19	10	5	7
"OXC6485R"	"OXC6485R"	10	27	16	19	10	5	7
"OXC6485R_V2"	"OXC6485R_V2"	10	27	16	19	10	5	7
"OXC6486"	"OXC6486"	9	17	5	10	350	3	3
"OXC6487"	"OXC6487"	2	4	1	2	7	1	5
"OXC6488"	"OXC6488"	2	4	1	2	7	1	5
"OXC6489"	"OXC6489"	2	1	12	3	2	1	5
"OXC6490"	"OXC6490"	1	4	2	2	6	3	17
"OXC6491"	"OXC6491"	9	2	4	62	4	5	6
"OXC6492"	"OXC6492"	2	10	2	4	19	3	6
"OXC6493"	"OXC6493"	2	1	12	3	2	1	5
"OXC6494"	"OXC6494"	7	17	5	2	10	3	6
"OXC6495"	"OXC6495"	62	4	5	2	2	1	5
"OXC6496"	"OXC6496"	2	1	1	3	2	1	5
"OXC6497"	"OXC6497"	7	2	5	2	10	3	6
"OXC6498"	"OXC6498"	22	15	4	64	74	25	23
"OXC6499"	"OXC6499"	9	2	4	62	4	5	12
"OXC6500"	"OXC6500"	8	1	6	3	2	1	12
"OXC6501"	"OXC6501"	2	4	1	2	7	1	5
"OXC6502"	"OXC6502"	2	1	12	3	2	1	5
"OXC6503"	"OXC6503"	7	17	2	15	23	3	12
"OXC6504"	"OXC6504"	33	39	30	79	113	43	17
"OXC6505"	"OXC6505"	2	1	10	3	2	1	5
"OXC6506"	"OXC6506"	2	10	2	4	19	3	6
"OXC6507"	"OXC6507"	7	2	5	2	10	3	6
"OXC6508"	"OXC6508"	2	1	1	3	2	1	5
"OXC6509"	"OXC6509"	7	84	1	10	11	3	6
"OXC6510"	"OXC6510"	4	7	40	4	42	51	1
"OXC6511"	"OXC6511"	4	7	40	4	42	51	1
"OXC6512"	"OXC6512"	1	2	3	4	5	9	3
"OXC6513"	"OXC6513"	33	39	30	82	104	43	17
"OXC6514"	"OXC6514"	2	84	12	3	11	1	5
"OXC6515"	"OXC6515"	4	7	73	4	1	7	1
"OXC6516"	"OXC6516"	2	1	21	3	2	1	5
"OXC6517"	"OXC6517"	8	10	2	2	11	12	6
"OXC6518"	"OXC6518"	8	10	2	2	11	12	6
"OXC6519"	"OXC6519"	2	1	1	3	2	1	5
"OXC6520"	"OXC6520"	7	2	5	2	10	3	6
"OXC6521"	"OXC6521"	2	1	1	5	2	1	5
"OXC6522"	"OXC6522"	2	21	5	37	2	1	5
"OXC6523"	"OXC6523"	33	66	30	82	113	206	17
"OXC6524"	"OXC6524"	2	1	12	3	2	1	5
"OXC6525"	"OXC6525"	6	4	5	2	2	1	5
"OXC6526"	"OXC6526"	9	2	4	62	4	133	6
"OXC6527"	"OXC6527"	2	1	12	3	2	1	5
"OXC6528"	"OXC6528"	160	84	5	10	13	3	5
"OXC6529"	"OXC6529"	8	10	2	2	11	12	6
"OXC6530"	"OXC6530"	2	1	12	3	2	1	5
"OXC6531"	"OXC6531"	2	1	12	3	2	1	5
"OXC6532"	"OXC6532"	2	21	5	37	60	1	5
"OXC6533"	"OXC6533"	2	4	2	4	19	3	6
"OXC6534"	"OXC6534"	6	4	5	2	2	1	5
"OXC6535"	"OXC6535"	1	3	6	4	3	3	3
"OXC6536"	"OXC6536"	4	7	10	4	1	7	1
"OXC6537"	"OXC6537"	124	39	30	79	104	47	17
"OXC6538"	"OXC6538"	2	1	5	3	2	1	5
"OXC6539"	"OXC6539"	2	1	1	3	2	1	5
"OXC6540"	"OXC6540"	1	2	42	4	90	25	8
"OXC6541"	"OXC6541"	24	2	2	2	10	3	3
"OXC6542"	"OXC6542"	7	28	4	28	17	34	12
"OXC6543"	"OXC6543"	2	1	12	3	2	1	5
"OXC6544"	"OXC6544"	7	84	5	10	119	178	26
"OXC6545"	"OXC6545"	2	4	2	4	19	3	6
"OXC6546"	"OXC6546"	7	71	5	62	11	67	6
"OXC6547"	"OXC6547"	2	4	1	2	7	1	5
"OXC6548"	"OXC6548"	2	1	5	3	2	1	5
"OXC6549"	"OXC6549"	2	4	1	2	7	1	5
"OXC6550"	"OXC6550"	24	2	2	2	10	3	1
"OXC6551"	"OXC6551"	33	38	NA	82	113	64	17
"OXC6552"	"OXC6552"	2	1	12	3	2	1	12
"OXC6553"	"OXC6553"	2	21	5	37	60	1	5
"OXC6554"	"OXC6554"	24	2	2	2	10	3	1
"OXC6555"	"OXC6555"	24	2	2	2	10	3	1
"OXC6556"	"OXC6556"	6	4	52	2	89	282	5
"OXC6557"	"OXC6557"	73	21	2	NA	86	3	6
"OXC6558"	"OXC6558"	2	1	21	3	2	1	5
"OXC6559"	"OXC6559"	33	38	30	NA	104	43	17
"OXC6560"	"OXC6560"	24	2	5	53	23	3	1
"OXC6561"	"OXC6561"	1	6	22	24	12	28	1
"OXC6562"	"OXC6562"	2	1	1	3	2	1	5
"OXC6563"	"OXC6563"	2	1	1	3	2	1	5
"OXC6564"	"OXC6564"	2	1	1	3	2	1	5
"OXC6565"	"OXC6565"	2	1	12	3	2	1	5
"OXC6566"	"OXC6566"	7	2	5	2	10	3	6
"OXC6566_V2"	"OXC6566_V2"	7	2	5	2	10	3	6
"OXC6566R"	"OXC6566R"	7	2	5	2	10	3	6
"OXC6566R_V2"	"OXC6566R_V2"	7	2	5	2	10	3	6
"OXC6567"	"OXC6567"	8	10	2	2	11	12	6
"OXC6568"	"OXC6568"	33	39	30	82	113	44	17
"OXC6569"	"OXC6569"	10	2	42	4	90	25	8
"OXC6570"	"OXC6570"	1	4	2	2	6	3	17
"OXC6571"	"OXC6571"	2	1	12	3	2	1	5
"OXC6572"	"OXC6572"	24	2	2	2	10	3	1
"OXC6573"	"OXC6573"	2	1	1	3	2	1	5
"OXC6574"	"OXC6574"	7	53	2	10	11	3	3
"OXC6575"	"OXC6575"	7	2	5	2	10	3	6
"OXC6575_V2"	"OXC6575_V2"	7	2	5	2	10	3	6
"OXC6575R"	"OXC6575R"	7	2	5	2	10	3	6
"OXC6575R_V2"	"OXC6575R_V2"	7	2	5	2	10	3	6
"OXC6576"	"OXC6576"	33	39	30	79	104	35	17
"OXC6576_V2"	"OXC6576_V2"	33	39	30	79	104	35	17
"OXC6576R"	"OXC6576R"	33	39	30	79	104	35	17
"OXC6576R_V2"	"OXC6576R_V2"	33	39	30	79	104	35	17
"OXC6577"	"OXC6577"	33	39	30	82	113	44	17
"OXC6578"	"OXC6578"	14	45	2	4	19	3	6
"OXC6578_V2"	"OXC6578_V2"	14	45	2	4	19	3	6
"OXC6578R"	"OXC6578R"	14	45	2	4	19	3	6
"OXC6578R_V2"	"OXC6578R_V2"	14	45	2	4	19	3	6
"OXC6579"	"OXC6579"	1	4	2	2	6	3	17
"OXC6580"	"OXC6580"	62	4	5	2	2	1	5
"OXC6581"	"OXC6581"	24	2	2	2	10	3	1
"OXC6582"	"OXC6582"	9	2	4	62	4	5	12
"OXC6583"	"OXC6583"	9	2	4	62	4	5	6
"OXC6584"	"OXC6584"	7	NA	5	10	11	3	6
"OXC6585"	"OXC6585"	7	2	5	2	10	3	6
"OXC6586"	"OXC6586"	8	17	5	2	10	59	6
"OXC6587"	"OXC6587"	32	66	66	82	163	43	17
"OXC6588"	"OXC6588"	7	2	5	2	10	3	6
"OXC6589"	"OXC6589"	1	4	2	2	6	3	17
"OXC6590"	"OXC6590"	2	1	12	3	2	1	5
"OXC6591"	"OXC6591"	7	2	5	2	10	3	6
"OXC6592"	"OXC6592"	4	7	10	4	42	7	1
"OXC6593"	"OXC6593"	22	15	4	64	74	25	23
"OXC6595"	"OXC6595"	7	28	4	28	17	34	12
"OXC6595_V2"	"OXC6595_V2"	7	28	4	28	17	34	12
"OXC6595R"	"OXC6595R"	7	28	4	28	17	34	12
"OXC6595R_V2"	"OXC6595R_V2"	7	28	4	28	17	34	12
"OXC6596"	"OXC6596"	2	1	1	3	2	1	5
"OXC6597"	"OXC6597"	33	39	30	79	104	35	17
"OXC6598"	"OXC6598"	2	1	12	3	2	1	5
"OXC6599"	"OXC6599"	2	61	4	64	332	7	23
"OXC6600"	"OXC6600"	2	1	12	3	2	1	5
"OXC6601"	"OXC6601"	33	39	30	79	104	85	17
"OXC6602"	"OXC6602"	2	1	1	3	2	1	5
"OXC6603"	"OXC6603"	2	1	5	3	2	1	5
"OXC6604"	"OXC6604"	2	1	1	3	2	1	5
"OXC6605"	"OXC6605"	2	1	1	3	2	1	5
"OXC6608"	"OXC6608"	8	10	2	2	89	12	6
"OXC6609"	"OXC6609"	7	17	2	15	23	3	12
"OXC6610"	"OXC6610"	7	28	4	28	17	34	12
"OXC6610_V2"	"OXC6610_V2"	7	28	4	28	17	34	12
"OXC6610R"	"OXC6610R"	7	28	4	28	17	34	12
"OXC6610R_V2"	"OXC6610R_V2"	7	28	4	28	17	34	12
"OXC6611"	"OXC6611"	7	17	5	2	10	3	6
"OXC6612"	"OXC6612"	9	2	4	62	4	5	6
"OXC6613"	"OXC6613"	2	1	12	3	2	1	5
"OXC6614"	"OXC6614"	2	7	10	4	1	7	1
"OXC6615"	"OXC6615"	2	1	12	3	2	1	5
"OXC6616"	"OXC6616"	2	1	1	3	2	1	5
"OXC6618"	"OXC6618"	7	4	2	2	19	1	6
"OXC6619"	"OXC6619"	2	1	1	3	2	1	5
"OXC6620"	"OXC6620"	7	17	2	15	23	3	12
"OXC6621"	"OXC6621"	24	2	2	2	10	3	1
"OXC6622"	"OXC6622"	7	2	1	2	10	3	6
"OXC6623"	"OXC6623"	2	21	5	2	59	1	5
"OXC6624"	"OXC6624"	4	7	10	4	1	7	1
"OXC6625"	"OXC6625"	2	1	1	3	2	1	5
"OXC6626"	"OXC6626"	1	3	6	4	3	3	3
"OXC6627"	"OXC6627"	2	1	1	3	2	1	5
"OXC6628"	"OXC6628"	7	1	2	83	2	3	6
"OXC6629"	"OXC6629"	2	1	1	3	2	1	5
"OXC6630"	"OXC6630"	33	39	30	82	104	44	17
"OXC6631"	"OXC6631"	64	105	20	287	94	103	16
"OXC6632"	"OXC6632"	1	4	2	2	6	3	17
"OXC6633"	"OXC6633"	2	1	21	3	2	1	5
"OXC6634"	"OXC6634"	7	4	5	68	93	3	46
"OXC6635"	"OXC6635"	24	2	2	2	10	3	3
"OXC6636"	"OXC6636"	2	1	12	3	2	1	5
"OXC6637"	"OXC6637"	2	1	1	3	2	1	5
"OXC6638"	"OXC6638"	2	4	1	2	7	1	5
"OXC6639"	"OXC6639"	1	6	22	24	12	28	1
"OXC6640"	"OXC6640"	24	2	2	2	10	3	1
"OXC6641"	"OXC6641"	1	3	6	4	3	3	3
"OXC6642"	"OXC6642"	2	1	1	3	2	1	5
"OXC6643"	"OXC6643"	2	1	21	3	2	1	5
"OXC6644"	"OXC6644"	1	3	6	4	3	3	3
"OXC6645"	"OXC6645"	1	3	6	4	3	3	3
"OXC6646"	"OXC6646"	2	4	1	2	7	1	5
"OXC6647"	"OXC6647"	8	10	2	2	11	12	6
"OXC6648"	"OXC6648"	2	4	1	2	7	1	5
"OXC6649"	"OXC6649"	7	17	2	15	23	3	12
"OXC6650"	"OXC6650"	9	2	4	62	4	5	6
"OXC6651"	"OXC6651"	33	39	66	174	104	43	41
"OXC6652"	"OXC6652"	2	4	1	2	7	1	5
"OXC6653"	"OXC6653"	24	21	2	2	2	59	6
"OXC6654"	"OXC6654"	9	2	4	62	4	5	6
"OXC6655"	"OXC6655"	37	52	57	26	107	29	23
"OXC6656"	"OXC6656"	2	1	21	3	2	1	5
"OXC6657"	"OXC6657"	24	2	2	2	10	3	1
"OXC6658"	"OXC6658"	7	17	5	2	10	3	6
"OXC6659"	"OXC6659"	81	155	30	163	231	43	93
"OXC6660"	"OXC6660"	1	6	60	24	12	28	1
"OXC6661"	"OXC6661"	2	21	5	37	60	1	5
"OXC6662"	"OXC6662"	7	2	2	2	89	59	6
"OXC6663"	"OXC6663"	24	21	2	2	2	59	6
"OXC6664"	"OXC6664"	2	1	12	3	2	1	5
"OXC6665"	"OXC6665"	2	1	12	3	2	1	5
"OXC6666"	"OXC6666"	2	1	12	3	2	1	5
"OXC6667"	"OXC6667"	8	1	6	3	2	1	1
"OXC6668"	"OXC6668"	7	17	2	15	23	3	12
"OXC6669"	"OXC6669"	9	25	2	10	23	3	6
"OXC6670"	"OXC6670"	24	21	2	2	2	59	6
"OXC6671"	"OXC6671"	2	1	1	3	2	1	5
"OXC6672"	"OXC6672"	2	1	1	5	2	1	5
"OXC6673"	"OXC6673"	2	1	12	3	2	1	5
"OXC6674"	"OXC6674"	7	1	2	83	2	3	6
"OXC6675"	"OXC6675"	91	2	42	4	169	9	8
"OXC6676"	"OXC6676"	2	4	5	4	2	1	5
"OXC6677"	"OXC6677"	2	1	12	3	2	1	5
"OXC6678"	"OXC6678"	2	1	1	3	2	1	5
"OXC6679"	"OXC6679"	2	4	2	4	19	3	6
"OXC6680"	"OXC6680"	7	53	2	10	11	3	3
"OXC6681"	"OXC6681"	2	1	1	3	2	1	5
"OXC6682"	"OXC6682"	2	1	21	3	2	1	5
"OXC6683"	"OXC6683"	10	27	43	19	6	18	7
"OXC6684"	"OXC6684"	33	39	30	82	104	47	36
"OXC6685"	"OXC6685"	33	39	30	82	104	56	17
"OXC6686"	"OXC6686"	7	112	5	62	11	413	6
"OXC6687"	"OXC6687"	24	30	2	NA	89	59	6
"OXC6688"	"OXC6688"	1	4	2	2	6	3	17
"OXC6689"	"OXC6689"	2	1	1	3	2	1	5
"OXC6690"	"OXC6690"	2	1	1	3	2	1	5
"OXC6691"	"OXC6691"	2	1	5	3	2	3	5
"OXC6692"	"OXC6692"	24	2	2	2	10	3	1
"OXC6693"	"OXC6693"	2	4	1	2	7	1	5
"OXC6694"	"OXC6694"	24	2	2	2	10	3	3
"OXC6695"	"OXC6695"	7	1	2	83	2	3	6
"OXC6696"	"OXC6696"	9	2	4	62	4	5	6
"OXC6697"	"OXC6697"	47	55	5	10	11	3	8
"OXC6698"	"OXC6698"	8	10	2	2	11	12	6
"OXC6699"	"OXC6699"	83	84	5	10	11	3	46
"OXC6700"	"OXC6700"	2	4	1	2	7	1	5
"OXC6701"	"OXC6701"	24	2	2	2	10	3	1
"OXC6702"	"OXC6702"	2	1	1	3	2	1	5
"OXC6703"	"OXC6703"	2	1	5	3	2	1	5
"OXC6704"	"OXC6704"	14	17	5	2	11	3	6
"OXC6705"	"OXC6705"	33	39	65	79	104	35	17
"OXC6706"	"OXC6706"	2	1	5	3	2	1	5
"OXC6707"	"OXC6707"	7	2	5	2	10	3	6
"OXC6708"	"OXC6708"	1	3	6	4	3	3	3
"OXC6709"	"OXC6709"	9	2	4	62	4	5	12
"OXC6710"	"OXC6710"	2	39	30	82	113	47	17
"OXC6711"	"OXC6711"	2	1	1	3	2	1	5
"OXC6712"	"OXC6712"	2	1	1	3	2	1	5
"OXC6713"	"OXC6713"	2	1	12	3	2	1	5
"OXC6714"	"OXC6714"	2	1	12	3	2	1	5
"OXC6715"	"OXC6715"	9	2	4	62	4	5	6
"OXC6716"	"OXC6716"	8	10	2	2	11	12	6
"OXC6717"	"OXC6717"	8	10	2	2	11	12	6
"OXC6718"	"OXC6718"	2	4	1	2	7	1	5
"OXC6719"	"OXC6719"	62	4	5	2	2	1	5
"OXC6720"	"OXC6720"	62	4	5	2	2	1	5
"OXC6721"	"OXC6721"	2	4	1	2	7	1	5
"OXC6722"	"OXC6722"	24	2	2	2	10	3	1
"OXC6723"	"OXC6723"	2	NA	5	37	60	1	5
"OXC6724"	"OXC6724"	9	2	4	62	4	5	6
"OXC6725"	"OXC6725"	33	38	30	82	104	35	17
"OXC6726"	"OXC6726"	7	17	2	15	23	3	12
"OXC6727"	"OXC6727"	2	2	52	3	2	100	5
"OXC6728"	"OXC6728"	2	1	1	3	2	1	5
"OXC6729"	"OXC6729"	8	10	149	2	11	12	6
"OXC6730"	"OXC6730"	2	1	1	3	2	1	5
"OXC6731"	"OXC6731"	2	1	1	3	2	1	5
"OXC6732"	"OXC6732"	24	2	2	2	17	3	1
"OXC6733"	"OXC6733"	22	15	4	3	NA	25	35
"OXC6734"	"OXC6734"	2	1	1	3	2	1	5
"OXC6735"	"OXC6735"	33	39	30	82	104	44	17
"OXC6736"	"OXC6736"	9	2	4	62	4	5	6
"OXC6737"	"OXC6737"	9	25	2	10	22	3	6
"OXC6738"	"OXC6738"	33	39	65	79	104	85	17
"OXC6739"	"OXC6739"	6	4	5	2	2	1	5
"OXC6740"	"OXC6740"	10	27	16	19	10	5	7
"OXC6741"	"OXC6741"	2	1	21	3	2	1	5
"OXC6742"	"OXC6742"	9	25	2	10	22	3	6
"OXC6743"	"OXC6743"	8	10	2	2	11	12	6
"OXC6744"	"OXC6744"	53	39	30	82	NA	43	17
"OXC6745"	"OXC6745"	2	1	1	3	2	1	5
"OXC6746"	"OXC6746"	7	53	2	10	11	3	3
"OXC6747"	"OXC6747"	9	2	4	62	4	133	6
"OXC6748"	"OXC6748"	24	2	2	2	10	3	3
"OXC6749"	"OXC6749"	9	2	4	62	4	5	12
"OXC6750"	"OXC6750"	9	2	2	2	11	5	6
"OXC6751"	"OXC6751"	8	1	6	3	2	1	12
"OXC6752"	"OXC6752"	8	1	6	3	2	1	12
"OXC6753"	"OXC6753"	8	10	2	2	11	12	6
"OXC6754"	"OXC6754"	6	4	5	2	2	1	5
"OXC6755"	"OXC6755"	1	3	6	4	3	3	3
"OXC6756"	"OXC6756"	24	2	2	2	10	3	1
"OXC6757"	"OXC6757"	7	2	5	2	10	3	6
"OXC6758"	"OXC6758"	24	2	2	2	10	3	1
"OXC6759"	"OXC6759"	7	17	2	15	23	3	12
"OXC6760"	"OXC6760"	9	2	4	62	4	5	6
"OXC6761"	"OXC6761"	33	39	30	82	104	56	17
"OXC6762"	"OXC6762"	124	39	30	82	113	47	74
"OXC6763"	"OXC6763"	2	1	12	3	2	1	5
"OXC6764"	"OXC6764"	2	1	1	3	2	1	5
"OXC6765"	"OXC6765"	33	39	30	79	113	43	17
"OXC6766"	"OXC6766"	2	1	1	3	2	1	3
"OXC6767"	"OXC6767"	24	2	2	2	10	3	1
"OXC6768"	"OXC6768"	9	2	1	10	22	3	6
"OXC6769"	"OXC6769"	1	4	2	2	6	3	17
"OXC6770"	"OXC6770"	2	4	1	2	7	1	5
"OXC6771"	"OXC6771"	10	27	43	19	6	18	7
"OXC6772"	"OXC6772"	9	2	4	62	4	5	6
"OXC6773"	"OXC6773"	1	6	60	24	12	28	1
"OXC6774"	"OXC6774"	24	2	2	2	10	3	3
"OXC6775"	"OXC6775"	1	4	2	2	6	3	17
"OXC6776"	"OXC6776"	7	17	NA	2	10	3	NA
"OXC6777"	"OXC6777"	2	115	57	26	127	29	35
"OXC6778"	"OXC6778"	24	2	2	2	10	3	1
"OXC6779"	"OXC6779"	2	1	21	3	2	1	5
"OXC6780"	"OXC6780"	24	2	2	2	10	3	1
"OXC6781"	"OXC6781"	8	1	6	3	2	1	12
"OXC6782"	"OXC6782"	8	1	6	3	2	1	12
"OXC6783"	"OXC6783"	9	2	4	62	4	5	12
"OXC6784"	"OXC6784"	9	2	4	62	4	5	12
"OXC6785"	"OXC6785"	33	39	30	82	104	56	17
"OXC6786"	"OXC6786"	8	1	6	3	2	1	12
"OXC6787"	"OXC6787"	7	17	2	15	23	3	12
"OXC6788"	"OXC6788"	7	28	4	28	17	34	12
"OXC6789"	"OXC6789"	2	1	21	3	2	1	5
"OXC6790"	"OXC6790"	7	53	2	10	11	3	3
"OXC6791"	"OXC6791"	2	1	1	3	2	1	5
"OXC6792"	"OXC6792"	9	2	4	62	4	5	12
"OXC6793"	"OXC6793"	62	4	5	2	2	1	5
"OXC6794"	"OXC6794"	7	28	4	28	17	34	12
"OXC6795"	"OXC6795"	2	75	4	48	141	34	1
"OXC6796"	"OXC6796"	1	3	6	4	3	3	3
"OXC6797"	"OXC6797"	4	7	10	4	1	7	1
"OXC6798"	"OXC6798"	2	17	2	3	2	1	301
"OXC6799"	"OXC6799"	7	53	2	10	11	3	3
"OXC6800"	"OXC6800"	9	2	2	2	10	3	1
"OXC6801"	"OXC6801"	8	10	2	2	11	12	6
"OXC6802"	"OXC6802"	198	2	2	2	11	61	6
"OXC6803"	"OXC6803"	4	7	10	4	1	7	1
"OXC6804"	"OXC6804"	2	1	1	3	2	1	5
"OXC6805"	"OXC6805"	2	4	1	2	7	1	5
"OXC6806"	"OXC6806"	7	17	5	2	2	1	6
"OXC6807"	"OXC6807"	24	2	2	2	10	3	1
"OXC6808"	"OXC6808"	1	4	2	2	6	3	17
"OXC6809"	"OXC6809"	7	53	2	10	11	3	3
"OXC6810"	"OXC6810"	33	39	30	82	113	47	17
"OXC6811"	"OXC6811"	2	61	10	26	NA	25	23
"OXC6812"	"OXC6812"	2	1	1	3	2	1	5
"OXC6813"	"OXC6813"	24	2	2	2	10	3	1
"OXC6814"	"OXC6814"	14	17	5	2	11	3	6
"OXC6815"	"OXC6815"	2	1	1	3	2	1	5
"OXC6816"	"OXC6816"	9	2	4	62	4	5	6
"OXC6817"	"OXC6817"	33	39	30	82	104	47	36
"OXC6818"	"OXC6818"	14	17	5	2	11	3	6
"OXC6819"	"OXC6819"	4	7	10	4	42	51	1
"OXC6820"	"OXC6820"	2	1	12	3	2	1	5
"OXC6821"	"OXC6821"	7	53	2	10	11	3	3
"OXC6822"	"OXC6822"	14	17	5	2	11	3	6
"OXC6823"	"OXC6823"	2	17	2	3	2	1	5
"OXC6824"	"OXC6824"	2	1	1	3	2	1	3
"OXC6825"	"OXC6825"	33	39	30	79	113	43	41
"OXC6826"	"OXC6826"	4	7	40	4	42	51	1
"OXC6827"	"OXC6827"	1	2	3	4	5	9	3
"OXC6828"	"OXC6828"	24	2	2	2	10	3	1
"OXC6830"	"OXC6830"	6	15	5	2	11	1	5
"OXC6831"	"OXC6831"	9	17	5	10	350	3	3
"OXC6832"	"OXC6832"	7	21	5	62	4	61	44
"OXC6833"	"OXC6833"	2	1	1	3	7	1	5
"OXC6834"	"OXC6834"	7	17	2	15	23	3	12
"OXC6835"	"OXC6835"	2	10	2	4	19	3	6
"OXC6836"	"OXC6836"	2	1	12	3	2	1	5
"OXC6837"	"OXC6837"	2	4	1	2	7	1	5
"OXC6838"	"OXC6838"	7	53	2	10	11	3	3
"OXC6839"	"OXC6839"	24	2	2	2	10	3	1
"OXC6840"	"OXC6840"	6	4	5	2	2	1	5
"OXC6841"	"OXC6841"	24	2	2	2	10	3	3
"OXC6842"	"OXC6842"	9	17	5	10	350	3	3
"OXC6843"	"OXC6843"	47	55	5	10	11	68	8
"OXC6844"	"OXC6844"	9	216	5	10	10	3	1
"OXC6845"	"OXC6845"	2	1	1	3	2	1	5
"OXC6846"	"OXC6846"	8	10	2	10	11	12	6
"OXC6847"	"OXC6847"	33	39	30	82	113	43	17
"OXC6848"	"OXC6848"	24	2	2	2	10	3	3
"OXC6849"	"OXC6849"	24	2	2	2	10	3	1
"OXC6850"	"OXC6850"	2	1	1	3	2	1	5
"OXC6851"	"OXC6851"	7	17	5	2	10	3	6
"OXC6852"	"OXC6852"	2	1	1	3	2	1	3
"OXC6853"	"OXC6853"	24	2	2	2	10	3	3
"OXC6854"	"OXC6854"	2	1	21	3	2	1	5
"OXC6855"	"OXC6855"	7	2	5	2	10	3	6
"OXC6856"	"OXC6856"	2	1	21	3	2	1	5
"OXC6857"	"OXC6857"	2	1	12	88	2	1	5
"OXC6858"	"OXC6858"	2	21	5	37	60	1	5
"OXC6859"	"OXC6859"	8	10	2	2	11	12	6
"OXC6860"	"OXC6860"	2	1	12	3	2	1	5
"OXC6861"	"OXC6861"	2	1	12	3	2	1	5
"OXC6862"	"OXC6862"	2	1	21	3	2	1	5
"OXC6863"	"OXC6863"	9	2	4	62	4	5	6
"OXC6864"	"OXC6864"	33	39	30	82	113	43	17
"OXC6865"	"OXC6865"	2	1	12	3	2	1	5
"OXC6866"	"OXC6866"	1	3	6	4	3	3	3
"OXC6867"	"OXC6867"	2	1	1	3	2	1	5
"OXC6868"	"OXC6868"	2	1	12	3	2	1	5
"OXC6869"	"OXC6869"	10	27	16	19	10	5	130
"OXC6870"	"OXC6870"	2	4	1	2	7	1	5
"OXC6871"	"OXC6871"	188	313	5	2	89	5	6
"OXC6872"	"OXC6872"	2	1	1	3	2	1	5
"OXC6873"	"OXC6873"	33	39	30	81	NA	47	17
"OXC6874"	"OXC6874"	47	55	5	10	11	68	8
"OXC6875"	"OXC6875"	47	55	5	10	11	68	8
"OXC6876"	"OXC6876"	2	1	21	3	2	1	5
"OXC6877"	"OXC6877"	8	10	2	2	11	12	6
"OXC6878"	"OXC6878"	7	28	4	28	17	34	12
"OXC6879"	"OXC6879"	2	1	1	3	2	1	5
"OXC6880"	"OXC6880"	9	2	4	62	4	5	6
"OXC6881"	"OXC6881"	2	4	1	2	7	1	5
"OXC6882"	"OXC6882"	1	4	2	2	6	3	17
"OXC6883"	"OXC6883"	10	27	89	19	10	132	7
"OXC6884"	"OXC6884"	4	7	40	4	42	51	1
"OXC6885"	"OXC6885"	8	10	2	2	11	12	6
"OXC6886"	"OXC6886"	2	1	1	3	2	1	5
"OXC6887"	"OXC6887"	1	3	6	4	3	3	3
"OXC6888"	"OXC6888"	1	3	6	4	3	3	3
"OXC6890"	"OXC6890"	7	53	2	10	11	3	3
"OXC6891"	"OXC6891"	62	4	5	2	2	1	5
"OXC6892"	"OXC6892"	2	1	1	3	2	1	5
"OXC6893"	"OXC6893"	9	2	4	62	4	5	6
"OXC6894"	"OXC6894"	4	7	10	4	1	7	1
"OXC6895"	"OXC6895"	4	7	10	4	1	7	1
"OXC6896"	"OXC6896"	4	7	10	4	1	7	1
"OXC6897"	"OXC6897"	9	17	5	10	350	3	3
"OXC6898"	"OXC6898"	7	53	2	10	11	3	3
"OXC6899"	"OXC6899"	1	3	6	4	3	3	3
"OXC6900"	"OXC6900"	2	1	12	3	2	1	5
"OXC6901"	"OXC6901"	33	39	30	82	104	56	17
"OXC6902"	"OXC6902"	1	3	6	4	3	3	3
"OXC6903"	"OXC6903"	2	1	1	2	7	1	5
"OXC6904"	"OXC6904"	2	4	1	2	7	1	5
"OXC6905"	"OXC6905"	2	4	1	2	7	1	5
"OXC6906"	"OXC6906"	7	17	2	2	23	3	12
"OXC6907"	"OXC6907"	10	27	59	19	10	79	7
"OXC6908"	"OXC6908"	9	25	2	10	22	3	6
"OXC6909"	"OXC6909"	2	1	1	3	2	1	5
"OXC6910"	"OXC6910"	7	17	2	15	23	3	12
"OXC6911"	"OXC6911"	10	27	59	19	10	79	7
"OXC6912"	"OXC6912"	55	172	21	49	125	83	51
"OXC6913"	"OXC6913"	7	2	5	2	10	3	6
"OXC6914"	"OXC6914"	24	2	2	2	10	3	3
"OXC6915"	"OXC6915"	8	10	2	2	11	12	6
"OXC6916"	"OXC6916"	4	7	10	4	1	7	1
"OXC6917"	"OXC6917"	2	4	1	2	7	1	5
"OXC6918"	"OXC6918"	2	4	1	2	7	1	5
"OXC6919"	"OXC6919"	7	17	2	15	23	3	12
"OXC6920"	"OXC6920"	33	39	30	82	104	56	17
"OXC6921"	"OXC6921"	2	75	4	48	141	34	1
"OXC6922"	"OXC6922"	2	1	12	3	2	1	5
"OXC6923"	"OXC6923"	24	2	2	2	10	3	3
"OXC6924"	"OXC6924"	2	17	2	3	2	1	5
"OXC6925"	"OXC6925"	2	4	1	2	7	1	5
"OXC6926"	"OXC6926"	24	2	2	2	10	3	3
"OXC6927"	"OXC6927"	2	1	21	3	2	1	5
"OXC6928"	"OXC6928"	7	2	5	2	10	3	6
"OXC6929"	"OXC6929"	1	3	6	4	3	3	3
"OXC6930"	"OXC6930"	8	2	2	53	11	3	1
"OXC6931"	"OXC6931"	8	2	2	53	11	3	1
"OXC6932"	"OXC6932"	2	1	12	3	2	1	5
"OXC6933"	"OXC6933"	33	39	30	82	104	56	17
"OXC6934"	"OXC6934"	8	10	2	210	11	12	6
"OXC6935"	"OXC6935"	24	2	2	2	10	3	3
"OXC6936"	"OXC6936"	1	4	2	2	6	3	17
"OXC6937"	"OXC6937"	33	176	30	82	104	43	17
"OXC6938"	"OXC6938"	4	7	10	4	10	7	1
"OXC6939"	"OXC6939"	62	4	5	2	2	1	5
"OXC6940"	"OXC6940"	24	2	2	2	10	3	3
"OXC6941"	"OXC6941"	2	1	21	3	2	1	5
"OXC6942"	"OXC6942"	7	4	5	2	11	1	5
"OXC6943"	"OXC6943"	24	2	2	2	10	3	1
"OXC6944"	"OXC6944"	91	2	42	4	169	9	8
"OXC6945"	"OXC6945"	2	1	1	3	2	1	5
"OXC6946"	"OXC6946"	2	1	12	3	2	1	5
"OXC6947"	"OXC6947"	2	21	5	37	2	1	5
"OXC6948"	"OXC6948"	2	1	1	3	2	1	5
"OXC6949"	"OXC6949"	2	1	12	3	2	1	5
"OXC6950"	"OXC6950"	6	4	5	2	2	1	5
"OXC6951"	"OXC6951"	7	17	2	15	23	3	12
"OXC6952"	"OXC6952"	7	17	2	15	23	3	12
"OXC6953"	"OXC6953"	2	1	1	3	2	1	5
"OXC6954"	"OXC6954"	47	2	5	10	11	48	8
"OXC6955"	"OXC6955"	24	2	2	2	10	3	3
"OXC6956"	"OXC6956"	2	1	12	3	2	1	5
"OXC6957"	"OXC6957"	7	53	2	10	11	3	3
"OXC6958"	"OXC6958"	24	2	2	2	10	3	3
"OXC6959"	"OXC6959"	2	1	12	NA	2	1	5
"OXC6960"	"OXC6960"	8	2	2	53	11	3	1
"OXC6961"	"OXC6961"	2	1	1	3	2	1	5
"OXC6962"	"OXC6962"	33	39	65	79	104	85	17
"OXC6963"	"OXC6963"	NA	17	2	15	23	3	12
"OXC6964"	"OXC6964"	2	1	12	3	2	1	5
"OXC6965"	"OXC6965"	7	28	4	28	17	34	12
"OXC6966"	"OXC6966"	1	3	6	4	3	3	3
"OXC6967"	"OXC6967"	9	2	4	62	4	5	6
"OXC6968"	"OXC6968"	7	2	5	2	10	3	6
"OXC6969"	"OXC6969"	24	2	2	2	10	3	3
"OXC6970"	"OXC6970"	4	7	10	4	42	51	1
"OXC6971"	"OXC6971"	24	2	2	2	10	3	3
"OXC6973"	"OXC6973"	2	4	1	2	7	1	5
"OXC6974"	"OXC6974"	9	2	4	62	4	5	6
"OXC6975"	"OXC6975"	9	2	4	62	4	5	6
"OXC6976"	"OXC6976"	7	53	2	10	11	3	3
"OXC6977"	"OXC6977"	7	2	5	2	10	3	6
"OXC6978"	"OXC6978"	1	4	2	2	6	3	17
"OXC6979"	"OXC6979"	2	1	1	3	2	1	5
"OXC6980"	"OXC6980"	24	2	2	2	10	3	3
"OXC6981"	"OXC6981"	8	1	6	3	2	1	1
"OXC6982"	"OXC6982"	9	2	4	62	4	5	6
"OXC6983"	"OXC6983"	2	4	1	2	7	1	5
"OXC6984"	"OXC6984"	33	39	30	82	104	47	17
"OXC6985"	"OXC6985"	2	17	12	NA	2	1	5
"OXC6986"	"OXC6986"	2	4	1	2	7	1	5
"OXC6987"	"OXC6987"	33	39	30	82	113	47	17
"OXC6988"	"OXC6988"	2	1	5	NA	2	1	5
"OXC6989"	"OXC6989"	9	2	4	62	4	5	12
"OXC6991"	"OXC6991"	8	10	5	2	11	12	6
"OXC6992"	"OXC6992"	2	4	1	2	7	1	5
"OXC6993"	"OXC6993"	24	2	2	2	10	3	3
"OXC6994"	"OXC6994"	2	1	12	3	2	1	5
"OXC6995"	"OXC6995"	2	4	1	2	7	1	5
"OXC6996"	"OXC6996"	33	39	30	82	104	56	17
"OXC6997"	"OXC6997"	9	17	5	NA	350	3	3
"OXC6998"	"OXC6998"	2	1	1	3	2	1	5
"OXC6999"	"OXC6999"	9	2	4	62	4	5	6
"OXC7000"	"OXC7000"	2	1	1	3	2	1	5
"OXC7001"	"OXC7001"	7	17	2	15	23	3	12
"OXC7002"	"OXC7002"	2	1	1	3	2	1	5
"OXC7003"	"OXC7003"	7	17	2	15	23	3	12
"OXC7004"	"OXC7004"	7	17	2	15	23	3	12
"OXC7005"	"OXC7005"	2	4	1	2	7	1	5
"OXC7006"	"OXC7006"	2	21	5	37	2	1	5
"OXC7007"	"OXC7007"	2	75	4	48	141	34	1
"OXC7008"	"OXC7008"	24	21	2	2	89	59	6
"OXC7009"	"OXC7009"	6	4	5	2	2	1	5
"OXC7010"	"OXC7010"	14	45	2	4	19	3	6
"OXC7011"	"OXC7011"	24	2	2	2	10	3	3
"OXC7012"	"OXC7012"	2	4	1	2	7	1	5
"OXC7013"	"OXC7013"	7	21	5	62	4	61	44
"OXC7014"	"OXC7014"	4	7	10	4	1	7	1
"OXC7015"	"OXC7015"	2	1	12	3	2	1	5
"OXC7016"	"OXC7016"	2	4	1	2	7	1	5
"OXC7017"	"OXC7017"	1	3	6	4	3	3	3
"OXC7018"	"OXC7018"	4	7	10	4	1	7	1
"OXC7019"	"OXC7019"	1	4	2	2	6	3	17
"OXC7020"	"OXC7020"	2	1	12	3	2	1	5
"OXC7021"	"OXC7021"	1	4	2	2	6	3	17
"OXC7022"	"OXC7022"	2	4	1	2	7	1	5
"OXC7023"	"OXC7023"	1	4	2	2	6	3	17
"OXC7024"	"OXC7024"	7	2	5	2	10	3	6
"OXC7025"	"OXC7025"	4	7	10	4	1	7	1
"OXC7026"	"OXC7026"	10	7	10	4	1	7	1
"OXC7027"	"OXC7027"	33	38	30	82	118	43	17
"OXC7029"	"OXC7029"	2	1	12	3	2	1	5
"OXC7030"	"OXC7030"	4	7	40	4	42	51	1
"OXC7031"	"OXC7031"	2	17	2	3	2	1	5
"OXC7032"	"OXC7032"	4	7	10	4	42	51	1
"OXC7033"	"OXC7033"	14	17	5	2	11	3	6
"OXC7034"	"OXC7034"	9	2	4	62	4	5	6
"OXC7035"	"OXC7035"	2	17	2	3	2	1	5
"OXC7036"	"OXC7036"	6	4	5	2	2	1	5
"OXC7037"	"OXC7037"	2	1	1	3	2	1	5
"OXC7038"	"OXC7038"	7	17	2	15	23	3	12
"OXC7039"	"OXC7039"	6	4	5	2	2	1	5
"OXC7041"	"OXC7041"	2	1	12	3	2	1	5
"OXC7042"	"OXC7042"	6	4	5	2	2	1	5
"OXC7043"	"OXC7043"	2	4	1	4	19	1	5
"OXC7044"	"OXC7044"	9	25	2	10	22	3	6
"OXC7045"	"OXC7045"	1	4	2	2	6	3	17
"OXC7046"	"OXC7046"	8	1	6	3	2	1	12
"OXC7047"	"OXC7047"	7	2	5	2	10	3	6
"OXC7048"	"OXC7048"	1	3	6	4	3	3	3
"OXC7049"	"OXC7049"	2	1	5	3	2	54	5
"OXC7050"	"OXC7050"	2	4	1	2	7	1	5
"OXC7051"	"OXC7051"	33	38	30	82	118	43	17
"OXC7052"	"OXC7052"	1	2	3	4	5	9	3
"OXC7053"	"OXC7053"	4	7	40	4	42	51	1
"OXC7054"	"OXC7054"	33	39	30	82	113	47	17
"OXC7055"	"OXC7055"	1	2	42	1	5	9	3
"OXC7056"	"OXC7056"	2	21	5	37	60	1	5
"OXC7057"	"OXC7057"	24	2	2	2	10	3	1
"OXC7058"	"OXC7058"	2	1	1	3	2	1	5
"OXC7060"	"OXC7060"	4	7	40	4	42	51	1
"OXC7061"	"OXC7061"	4	7	10	4	1	7	1
"OXC7062"	"OXC7062"	24	2	2	2	10	3	3
"OXC7063"	"OXC7063"	2	4	1	2	7	1	5
"OXC7064"	"OXC7064"	2	4	1	2	7	1	5
"OXC7065"	"OXC7065"	2	1	12	3	2	1	5
"OXC7066"	"OXC7066"	2	4	1	2	7	1	5
"OXC7067"	"OXC7067"	4	7	10	4	42	7	1
"OXC7068"	"OXC7068"	2	1	5	3	2	1	5
"OXC7069"	"OXC7069"	7	2	5	2	10	3	6
"OXC7070"	"OXC7070"	33	39	30	82	104	56	17
"OXC7071"	"OXC7071"	2	1	12	3	2	1	5
"OXC7072"	"OXC7072"	24	2	5	53	23	3	1
"OXC7073"	"OXC7073"	2	1	1	3	2	1	5
"OXC7074"	"OXC7074"	4	7	10	4	1	7	1
"OXC7075"	"OXC7075"	7	4	2	2	11	3	5
"OXC7076"	"OXC7076"	64	22	212	100	134	233	16
"OXC7077"	"OXC7077"	64	89	77	100	94	103	16
"OXC7078"	"OXC7078"	2	1	5	3	2	25	5
"OXC7079"	"OXC7079"	7	53	2	10	11	3	3
"OXC7080"	"OXC7080"	2	1	12	3	2	1	5
"OXC7081"	"OXC7081"	2	4	1	2	7	1	5
"OXC7082"	"OXC7082"	33	39	30	82	113	47	17
"OXC7083"	"OXC7083"	33	39	30	79	104	35	17
"OXC7084"	"OXC7084"	2	1	1	3	2	1	5
"OXC7085"	"OXC7085"	1	3	6	4	3	3	3
"OXC7086"	"OXC7086"	4	7	40	4	42	51	1
"OXC7087"	"OXC7087"	7	17	2	15	23	3	12
"OXC7089"	"OXC7089"	2	1	21	3	2	1	5
"OXC7090"	"OXC7090"	4	7	10	4	1	7	1
"OXC7091"	"OXC7091"	2	1	1	3	2	1	3
"OXC7092"	"OXC7092"	1	2	42	4	3	40	3
"OXC7093"	"OXC7093"	48	7	10	4	1	7	1
"OXC7094"	"OXC7094"	2	4	5	2	2	1	5
"OXC7095"	"OXC7095"	10	81	50	99	120	76	52
"OXC7096"	"OXC7096"	9	2	4	62	4	5	6
"OXC7097"	"OXC7097"	33	39	30	82	104	56	17
"OXC7098"	"OXC7098"	7	53	2	10	11	3	3
"OXC7099"	"OXC7099"	4	7	10	4	1	7	1
"OXC7100"	"OXC7100"	2	21	5	37	60	1	5
"OXC7101"	"OXC7101"	14	17	5	2	11	3	6
"OXC7102"	"OXC7102"	4	7	10	1	1	7	1
"OXC7103"	"OXC7103"	4	7	10	4	1	7	1
"OXC7104"	"OXC7104"	2	1	5	10	2	1	6
"OXC7105"	"OXC7105"	2	1	5	10	2	1	6
"OXC7106"	"OXC7106"	9	2	4	62	4	5	6
"OXC7107"	"OXC7107"	1	2	3	4	5	9	3
"OXC7108"	"OXC7108"	62	4	5	2	2	1	5
"OXC7109"	"OXC7109"	62	4	5	2	2	1	5
"OXC7110"	"OXC7110"	33	39	30	82	189	47	17
"OXC7111"	"OXC7111"	2	4	1	2	7	1	5
"OXC7112"	"OXC7112"	2	4	1	2	7	1	5
"OXC7113"	"OXC7113"	4	7	10	4	42	25	1
"OXC7114"	"OXC7114"	2	4	1	2	7	1	5
"OXC7115"	"OXC7115"	2	4	1	2	7	1	5
"OXC7116"	"OXC7116"	24	2	2	2	10	3	3
"OXC7117"	"OXC7117"	2	4	5	2	2	1	5
"OXC7118"	"OXC7118"	2	1	5	3	2	54	5
"OXC7119"	"OXC7119"	2	4	1	2	7	1	5
"OXC7120"	"OXC7120"	9	2	4	62	4	5	6
"OXC7121"	"OXC7121"	24	2	2	2	10	3	3
"OXC7122"	"OXC7122"	2	4	1	2	7	1	5
"OXC7123"	"OXC7123"	7	28	4	28	17	34	12
"OXC7124"	"OXC7124"	33	39	30	82	104	56	17
"OXC7125"	"OXC7125"	55	21	2	71	11	37	3
"OXC7127"	"OXC7127"	24	2	2	2	10	3	3
"OXC7128"	"OXC7128"	7	53	2	10	11	3	3
"OXC7129"	"OXC7129"	4	7	10	4	1	7	1
"OXC7130"	"OXC7130"	33	39	30	79	113	43	41
"OXC7131"	"OXC7131"	33	39	30	82	104	43	17
"OXC7132"	"OXC7132"	2	1	12	3	2	1	5
"OXC7133"	"OXC7133"	1	2	3	4	5	9	3
"OXC7134"	"OXC7134"	2	1	1	3	2	1	5
"OXC7135"	"OXC7135"	24	2	2	2	10	3	3
"OXC7136"	"OXC7136"	2	1	1	3	2	1	5
"OXC7137"	"OXC7137"	2	1	1	3	2	1	5
"OXC7138"	"OXC7138"	9	2	4	62	4	5	6
"OXC7139"	"OXC7139"	2	4	1	2	7	1	5
"OXC7140"	"OXC7140"	2	1	1	3	2	1	5
"OXC7141"	"OXC7141"	8	1	6	3	2	1	1
"OXC7142"	"OXC7142"	2	1	1	3	2	1	5
"OXC7143"	"OXC7143"	2	4	1	2	7	1	5
"OXC7144"	"OXC7144"	4	7	40	4	42	51	1
"OXC7145"	"OXC7145"	55	21	42	71	11	37	3
"OXC7146"	"OXC7146"	9	2	4	62	4	5	6
"OXC7147"	"OXC7147"	2	1	1	3	2	1	5
"OXC7148"	"OXC7148"	2	1	79	3	2	1	5
"OXC7149"	"OXC7149"	7	112	42	62	11	67	6
"OXC7150"	"OXC7150"	8	1	6	3	2	1	1
"OXC7151"	"OXC7151"	2	4	1	2	7	1	5
"OXC7152"	"OXC7152"	4	7	40	4	42	51	1
"OXC7153"	"OXC7153"	2	1	1	3	2	1	5
"OXC7154"	"OXC7154"	33	39	30	82	104	43	17
"OXC7155"	"OXC7155"	4	7	40	4	42	51	1
"OXC7156"	"OXC7156"	1	2	3	4	5	9	3
"OXC7157"	"OXC7157"	7	17	2	15	23	3	12
"OXC7158"	"OXC7158"	1	3	6	4	3	3	3
"OXC7159"	"OXC7159"	6	4	5	2	2	1	5
"OXC7160"	"OXC7160"	2	1	5	3	2	1	5
"OXC7161"	"OXC7161"	62	4	5	2	2	1	5
"OXC7162"	"OXC7162"	37	52	4	26	129	29	23
"OXC7163"	"OXC7163"	2	1	5	3	2	1	5
"OXC7164"	"OXC7164"	33	39	30	82	104	56	17
"OXC7165"	"OXC7165"	2	4	1	2	7	1	5
"OXC7166"	"OXC7166"	24	2	2	2	10	3	3
"OXC7167"	"OXC7167"	4	7	10	4	1	NA	1
"OXC7168"	"OXC7168"	2	1	5	3	2	1	5
"OXC7169"	"OXC7169"	4	7	10	4	1	7	1
"OXC7170"	"OXC7170"	4	7	10	4	42	7	1
"OXC7171"	"OXC7171"	24	2	2	2	10	3	3
"OXC7172"	"OXC7172"	24	2	2	2	10	3	3
"OXC7173"	"OXC7173"	8	1	6	3	2	1	1
"OXC7174"	"OXC7174"	2	4	1	2	7	1	5
"OXC7175"	"OXC7175"	24	2	2	2	10	3	3
"OXC7176"	"OXC7176"	2	4	1	2	7	1	5
"OXC7177"	"OXC7177"	33	39	30	139	113	47	17
"OXC7178"	"OXC7178"	1	3	6	4	3	3	3
"OXC7179"	"OXC7179"	4	7	10	4	1	7	1
"OXC7180"	"OXC7180"	2	4	2	4	19	3	6
"OXC7181"	"OXC7181"	2	4	1	2	7	1	5
"OXC7182"	"OXC7182"	6	4	5	2	2	1	5
"OXC7183"	"OXC7183"	24	2	2	2	10	3	1
"OXC7184"	"OXC7184"	7	2	5	2	10	3	6
"OXC7185"	"OXC7185"	4	7	10	4	1	7	1
"OXC7186"	"OXC7186"	4	7	10	4	1	7	1
"OXC7187"	"OXC7187"	2	1	1	3	2	1	5
"OXC7188"	"OXC7188"	2	1	12	3	2	1	5
"OXC7189"	"OXC7189"	9	25	2	10	22	3	6
"OXC7190"	"OXC7190"	2	1	1	3	2	1	5
"OXC7191"	"OXC7191"	1	2	3	4	5	9	3
"OXC7192"	"OXC7192"	8	15	4	64	74	25	23
"OXC7193"	"OXC7193"	6	4	5	2	2	1	5
"OXC7194"	"OXC7194"	1	2	3	4	5	9	3
"OXC7195"	"OXC7195"	2	1	1	3	2	1	5
"OXC7196"	"OXC7196"	9	2	4	62	4	5	6
"OXC7197"	"OXC7197"	3	1	5	17	11	11	6
"OXC7198"	"OXC7198"	4	7	40	4	42	51	1
"OXC7199"	"OXC7199"	33	39	30	82	104	56	17
"OXC7200"	"OXC7200"	33	39	30	82	113	43	17
"OXC7201"	"OXC7201"	7	53	2	15	23	3	12
"OXC7202"	"OXC7202"	24	2	2	2	10	3	3
"OXC7203"	"OXC7203"	2	21	5	3	2	1	5
"OXC7204"	"OXC7204"	8	10	2	2	11	12	6
"OXC7205"	"OXC7205"	7	4	1	68	86	58	6
"OXC7206"	"OXC7206"	2	4	1	2	7	1	5
"OXC7207"	"OXC7207"	1	2	3	4	5	9	3
"OXC7208"	"OXC7208"	2	4	1	2	7	1	5
"OXC7209"	"OXC7209"	7	2	5	2	10	3	6
"OXC7210"	"OXC7210"	8	17	5	53	11	3	1
"OXC7211"	"OXC7211"	2	1	5	3	2	1	5
"OXC7212"	"OXC7212"	2	1	1	3	2	1	5
"OXC7213"	"OXC7213"	33	39	30	82	113	47	17
"OXC7214"	"OXC7214"	2	1	12	3	2	1	5
"OXC7215"	"OXC7215"	1	2	3	4	5	9	3
"OXC7216"	"OXC7216"	4	7	10	4	1	7	1
"OXC7217"	"OXC7217"	8	2	5	53	11	3	1
"OXC7218"	"OXC7218"	33	38	30	82	104	43	NA
"OXC7219"	"OXC7219"	22	15	4	64	74	25	23
"OXC7220"	"OXC7220"	2	1	12	3	2	1	5
"OXC7221"	"OXC7221"	24	2	2	2	10	3	3
"OXC7222"	"OXC7222"	7	2	5	2	10	3	6
"OXC7223"	"OXC7223"	2	1	1	3	2	1	5
"OXC7224"	"OXC7224"	24	2	2	2	10	3	3
"OXC7225"	"OXC7225"	4	7	10	4	1	7	1
"OXC7226"	"OXC7226"	8	17	5	2	10	59	6
"OXC7227"	"OXC7227"	2	1	5	2	7	1	5
"OXC7228"	"OXC7228"	33	39	30	79	104	47	17
"OXC7230"	"OXC7230"	2	1	21	3	2	1	5
"OXC7231"	"OXC7231"	8	17	5	2	10	59	6
"OXC7232"	"OXC7232"	10	2	107	137	120	76	1
"OXC7233"	"OXC7233"	4	7	10	4	1	7	1
"OXC7234"	"OXC7234"	4	7	40	4	42	51	1
"OXC7235"	"OXC7235"	4	7	10	4	1	7	1
"OXC7236"	"OXC7236"	2	1	21	3	2	1	5
"OXC7237"	"OXC7237"	24	2	2	2	10	3	3
"OXC7238"	"OXC7238"	33	39	30	82	104	56	17
"OXC7239"	"OXC7239"	4	7	10	4	1	7	1
"OXC7240"	"OXC7240"	33	39	30	79	104	85	17
"OXC7241"	"OXC7241"	145	337	NA	219	NA	NA	185
"OXC7242"	"OXC7242"	2	4	2	4	19	3	6
"OXC7243"	"OXC7243"	145	337	NA	219	NA	NA	185
"OXC7244"	"OXC7244"	145	337	NA	219	NA	NA	185
"OXC7245"	"OXC7245"	9	2	4	62	4	5	12
"OXC7246"	"OXC7246"	2	1	12	3	2	1	5
"OXC7247"	"OXC7247"	2	1	1	3	2	1	5
"OXC7248"	"OXC7248"	1	2	3	4	5	9	3
"OXC7249"	"OXC7249"	4	7	10	4	42	7	1
"OXC7250"	"OXC7250"	7	17	2	15	23	3	12
"OXC7251"	"OXC7251"	6	4	5	2	2	1	5
"OXC7252"	"OXC7252"	24	2	5	53	23	3	1
"OXC7253"	"OXC7253"	2	1	5	3	2	1	5
"OXC7255"	"OXC7255"	4	326	40	4	42	51	1
"OXC7256"	"OXC7256"	2	1	5	3	2	1	5
"OXC7257"	"OXC7257"	9	2	4	62	4	5	6
"OXC7258"	"OXC7258"	9	17	5	10	350	3	3
"OXC7259"	"OXC7259"	33	39	30	139	113	47	17
"OXC7260"	"OXC7260"	2	1	12	3	2	1	5
"OXC7261"	"OXC7261"	2	4	2	4	19	3	6
"OXC7262"	"OXC7262"	2	4	1	2	7	1	5
"OXC7263"	"OXC7263"	7	2	5	2	10	3	6
"OXC7264"	"OXC7264"	2	1	12	3	2	1	5
"OXC7265"	"OXC7265"	1	2	3	4	5	9	3
"OXC7266"	"OXC7266"	10	27	43	19	6	18	7
"OXC7267"	"OXC7267"	4	7	10	4	1	7	1
"OXC7268"	"OXC7268"	9	2	4	62	4	5	6
"OXC7269"	"OXC7269"	2	4	1	2	7	1	5
"OXC7270"	"OXC7270"	2	1	12	3	2	1	5
"OXC7271"	"OXC7271"	7	17	52	10	11	3	6
"OXC7272"	"OXC7272"	33	39	30	82	104	56	17
"OXC7273"	"OXC7273"	7	17	2	15	23	3	12
"OXC7274"	"OXC7274"	8	10	2	2	11	12	6
"OXC7275"	"OXC7275"	4	7	10	4	1	7	1
"OXC7276"	"OXC7276"	7	1	2	83	2	3	6
"OXC7277"	"OXC7277"	2	10	2	4	19	3	6
"OXC7278"	"OXC7278"	4	7	40	4	42	51	1
"OXC7279"	"OXC7279"	2	4	1	2	7	1	5
"OXC7280"	"OXC7280"	2	4	1	2	7	1	5
"OXC7281"	"OXC7281"	4	7	10	4	42	7	1
"OXC7282"	"OXC7282"	2	4	1	2	7	1	5
"OXC7283"	"OXC7283"	4	7	10	4	42	7	1
"OXC7284"	"OXC7284"	4	7	10	4	1	7	1
"OXC7285"	"OXC7285"	2	1	1	3	2	1	5
"OXC7286"	"OXC7286"	24	2	2	2	10	3	3
"OXC7287"	"OXC7287"	62	4	5	2	2	1	5
"OXC7288"	"OXC7288"	2	4	1	2	7	1	5
"OXC7289"	"OXC7289"	6	4	5	2	2	1	5
"OXC7290"	"OXC7290"	24	2	2	2	10	3	3
"OXC7291"	"OXC7291"	9	2	4	62	4	5	6
"OXC7292"	"OXC7292"	6	4	5	2	2	1	5
"OXC7293"	"OXC7293"	2	1	12	3	2	1	5
"OXC7294"	"OXC7294"	1	4	2	2	6	3	17
"OXC7295"	"OXC7295"	2	4	1	2	7	1	5
"OXC7296"	"OXC7296"	9	2	4	62	4	5	6
"OXC7297"	"OXC7297"	24	2	2	2	10	3	3
"OXC7298"	"OXC7298"	24	2	2	2	10	3	3
"OXC7299"	"OXC7299"	67	61	4	4	154	25	23
"OXC7300"	"OXC7300"	7	2	1	2	10	3	6
"OXC7301"	"OXC7301"	33	39	30	82	104	56	17
"OXC7302"	"OXC7302"	2	1	12	3	2	1	5
"OXC7303"	"OXC7303"	4	7	10	4	1	7	1
"OXC7304"	"OXC7304"	24	2	2	2	10	3	3
"OXC7305"	"OXC7305"	2	1	12	3	2	1	5
"OXC7306"	"OXC7306"	2	1	1	3	2	1	5
"OXC7307"	"OXC7307"	9	25	2	10	22	3	6
"OXC7308"	"OXC7308"	9	2	4	62	4	5	6
"OXC7309"	"OXC7309"	4	7	10	4	1	7	1
"OXC7310"	"OXC7310"	2	21	5	37	60	1	5
"OXC7311"	"OXC7311"	250	22	NA	18	134	NA	60
"OXC7312"	"OXC7312"	2	1	5	3	2	3	5
"OXC7313"	"OXC7313"	24	2	2	2	10	3	3
"OXC7314"	"OXC7314"	24	2	2	2	10	3	3
"OXC7315"	"OXC7315"	4	7	10	4	1	7	1
"OXC7316"	"OXC7316"	2	10	2	4	19	3	6
"OXC7319"	"OXC7319"	7	53	2	10	11	3	3
"OXC7320"	"OXC7320"	2	1	5	3	2	1	5
"OXC7321"	"OXC7321"	33	39	30	82	104	56	17
"OXC7322"	"OXC7322"	4	7	40	4	42	51	1
"OXC7323"	"OXC7323"	8	2	5	NA	11	3	1
"OXC7324"	"OXC7324"	1	2	3	4	5	9	3
"OXC7325"	"OXC7325"	1	4	2	2	6	3	17
"OXC7326"	"OXC7326"	4	7	10	4	1	7	1
"OXC7328"	"OXC7328"	9	30	2	2	89	59	6
"OXC7329"	"OXC7329"	2	1	5	3	2	1	5
"OXC7330"	"OXC7330"	2	1	1	3	2	1	5
"OXC7331"	"OXC7331"	4	7	10	4	42	7	1
"OXC7332"	"OXC7332"	7	2	5	2	10	3	6
"OXC7333"	"OXC7333"	61	70	22	18	2	74	47
"OXC7334"	"OXC7334"	6	4	5	2	2	1	5
"OXC7335"	"OXC7335"	2	1	1	3	2	1	5
"OXC7336"	"OXC7336"	2	1	1	3	7	1	5
"OXC7338"	"OXC7338"	9	2	4	62	4	5	6
"OXC7339"	"OXC7339"	24	17	2	15	23	3	12
"OXC7340"	"OXC7340"	4	7	10	4	1	7	1
"OXC7341"	"OXC7341"	2	4	1	2	7	1	5
"OXC7342"	"OXC7342"	4	7	10	4	1	7	1
"OXC7344"	"OXC7344"	4	7	40	4	42	7	1
"OXC7345"	"OXC7345"	10	81	50	99	120	76	52
"OXC7346"	"OXC7346"	4	7	40	4	42	7	1
"OXC7347"	"OXC7347"	33	39	30	82	104	47	17
"OXC7348"	"OXC7348"	2	1	5	3	2	1	5
"OXC7349"	"OXC7349"	2	1	12	3	2	1	5
"OXC7350"	"OXC7350"	6	4	5	2	2	1	5
"OXC7351"	"OXC7351"	2	1	1	3	2	1	5
"OXC7353"	"OXC7353"	2	4	2	4	19	3	6
"OXC7354"	"OXC7354"	9	2	4	62	4	5	6
"OXC7355"	"OXC7355"	6	4	5	2	2	1	5
"OXC7356"	"OXC7356"	2	17	2	3	2	1	5
"OXC7357"	"OXC7357"	9	2	4	62	4	5	6
"OXC7358"	"OXC7358"	10	81	50	99	120	76	52
"OXC7359"	"OXC7359"	7	2	5	2	10	3	6
"OXC7360"	"OXC7360"	7	2	5	2	10	3	6
"OXC7361"	"OXC7361"	1	4	2	2	6	3	17
"OXC7362"	"OXC7362"	2	1	12	3	2	1	5
"OXC7363"	"OXC7363"	32	66	66	82	163	43	17
"OXC7364"	"OXC7364"	1	3	6	4	3	3	3
"OXC7365"	"OXC7365"	2	1	1	3	2	1	3
"OXC7366"	"OXC7366"	2	1	1	3	2	1	5
"OXC7367"	"OXC7367"	1	3	6	4	3	3	3
"OXC7369"	"OXC7369"	4	7	10	4	1	7	1
"OXC7370"	"OXC7370"	2	1	21	3	2	1	5
"OXC7371"	"OXC7371"	4	7	10	4	10	7	1
"OXC7372"	"OXC7372"	2	1	1	3	2	1	5
"OXC7373"	"OXC7373"	2	1	1	3	2	1	5
"OXC7374"	"OXC7374"	2	4	1	2	NA	1	5
"OXC7375"	"OXC7375"	1	3	6	4	3	3	3
"OXC7376"	"OXC7376"	4	7	10	4	10	7	1
"OXC7377"	"OXC7377"	4	7	10	4	10	7	1
"OXC7378"	"OXC7378"	7	17	2	15	23	3	12
"OXC7379"	"OXC7379"	24	2	2	2	10	3	3
"OXC7380"	"OXC7380"	8	17	5	2	10	59	6
"OXC7381"	"OXC7381"	24	2	2	2	10	3	1
"OXC7382"	"OXC7382"	33	39	30	79	104	206	17
"OXC7383"	"OXC7383"	2	4	1	2	7	1	5
"OXC7384"	"OXC7384"	2	1	1	3	7	1	5
"OXC7385"	"OXC7385"	9	17	5	10	10	3	3
"OXC7386"	"OXC7386"	7	71	5	62	11	67	6
"OXC7387"	"OXC7387"	2	1	1	3	2	1	5
"OXC7388"	"OXC7388"	2	4	1	2	7	1	5
"OXC7389"	"OXC7389"	7	53	2	10	11	3	3
"OXC7390"	"OXC7390"	9	2	4	62	4	5	12
"OXC7391"	"OXC7391"	4	7	40	4	42	51	1
"OXC7392"	"OXC7392"	4	7	40	4	42	51	1
"OXC7393"	"OXC7393"	4	7	40	4	42	51	1
"OXC7394"	"OXC7394"	33	39	30	82	104	56	17
"OXC7395"	"OXC7395"	9	53	2	10	11	3	3
"OXC7397"	"OXC7397"	2	1	1	3	2	1	5
"OXC7398"	"OXC7398"	2	1	21	3	2	1	5
"OXC7400"	"OXC7400"	1	2	3	4	5	9	3
"OXC7401"	"OXC7401"	4	7	10	4	1	7	1
"OXC7402"	"OXC7402"	33	39	30	82	104	56	17
"OXC7403"	"OXC7403"	NA	NA	NA	NA	NA	NA	NA
"OXC7404"	"OXC7404"	2	4	1	4	19	1	5
"OXC7405"	"OXC7405"	2	1	1	3	2	1	5
"OXC7407"	"OXC7407"	8	10	2	2	11	12	6
"OXC7408"	"OXC7408"	8	10	2	2	11	12	6
"OXC7409"	"OXC7409"	8	10	2	2	11	12	6
"OXC7410"	"OXC7410"	9	2	4	62	4	5	6
"OXC7411"	"OXC7411"	33	42	30	82	189	35	17
"OXC7412"	"OXC7412"	2	1	1	3	2	1	5
"OXC7414"	"OXC7414"	8	10	2	2	11	12	6
"OXC7415"	"OXC7415"	2	1	1	3	2	1	5
"OXC7416"	"OXC7416"	1	2	3	4	5	9	3
"OXC7417"	"OXC7417"	2	1	12	3	2	1	5
"OXC7418"	"OXC7418"	8	17	2	2	86	3	1
"OXC7419"	"OXC7419"	2	1	1	3	2	1	5
"OXC7420"	"OXC7420"	2	1	5	3	2	1	5
"OXC7421"	"OXC7421"	24	2	2	2	10	3	3
"OXC7422"	"OXC7422"	1	6	22	24	12	28	1
"OXC7423"	"OXC7423"	2	1	1	3	2	1	5
"OXC7424"	"OXC7424"	9	2	4	62	4	5	6
"OXC7425"	"OXC7425"	4	7	10	4	42	7	1
"OXC7427"	"OXC7427"	2	1	1	3	7	1	5
"OXC7428"	"OXC7428"	2	1	12	3	2	1	5
"OXC7429"	"OXC7429"	33	39	30	82	113	47	17
"OXC7430"	"OXC7430"	2	1	5	2	7	1	5
"OXC7431"	"OXC7431"	2	84	12	3	11	1	5
"OXC7432"	"OXC7432"	4	7	40	4	42	51	1
"OXC7433"	"OXC7433"	1	4	2	2	6	3	17
"OXC7436"	"OXC7436"	33	124	30	82	189	47	296
"OXC7437"	"OXC7437"	7	17	2	15	23	3	12
"OXC7438"	"OXC7438"	24	2	2	2	10	3	3
"OXC7439"	"OXC7439"	8	10	2	2	11	12	6
"OXC7440"	"OXC7440"	2	1	1	3	2	1	5
"OXC7441"	"OXC7441"	2	4	5	2	2	1	5
"OXC7442"	"OXC7442"	9	2	4	62	4	133	6
"OXC7443"	"OXC7443"	8	17	5	53	11	3	1
"OXC7444"	"OXC7444"	33	39	30	79	104	206	17
"OXC7446"	"OXC7446"	24	2	2	2	10	3	1
"OXC7447"	"OXC7447"	33	39	30	79	104	35	17
"OXC7448"	"OXC7448"	7	2	5	2	10	3	6
"OXC7449"	"OXC7449"	24	30	2	2	11	3	6
"OXC7450"	"OXC7450"	7	254	2	15	23	3	12
"OXC7451"	"OXC7451"	9	2	4	62	4	133	6
"OXC7452"	"OXC7452"	1	4	2	2	6	3	17
"OXC7453"	"OXC7453"	33	39	30	82	113	47	17
"OXC7454"	"OXC7454"	8	1	6	3	11	1	1
"OXC7455"	"OXC7455"	7	17	5	2	10	3	6
"OXC7456"	"OXC7456"	2	115	57	26	127	29	35
"OXC7457"	"OXC7457"	33	39	65	79	504	85	41
"OXC7458"	"OXC7458"	2	61	120	38	40	34	35
"OXC7459"	"OXC7459"	2	10	2	4	19	3	6
"OXC7461"	"OXC7461"	2	4	1	2	7	1	5
"OXC7462"	"OXC7462"	2	10	2	4	19	3	6
"OXC7463"	"OXC7463"	1	3	6	4	3	3	3
"OXC7464"	"OXC7464"	2	1	1	3	2	1	5
"OXC7465"	"OXC7465"	2	4	1	2	7	1	5
"OXC7466"	"OXC7466"	2	10	2	4	19	3	6
"OXC7467"	"OXC7467"	24	2	2	2	10	3	3
"OXC7468"	"OXC7468"	2	1	21	3	2	1	5
"OXC7469"	"OXC7469"	3	1	5	17	11	11	6
"OXC7470"	"OXC7470"	2	1	21	3	2	1	5
"OXC7471"	"OXC7471"	8	10	2	2	11	12	6
"OXC7472"	"OXC7472"	1	4	2	2	6	3	17
"OXC7473"	"OXC7473"	1	6	60	24	12	28	1
"OXC7474"	"OXC7474"	NA	39	30	82	113	43	17
"OXC7475"	"OXC7475"	2	4	5	25	11	3	5
"OXC7476"	"OXC7476"	124	39	30	82	189	47	74
"OXC7477"	"OXC7477"	2	1	12	3	2	1	5
"OXC7478"	"OXC7478"	1	1	42	4	3	58	NA
"OXC7479"	"OXC7479"	2	1	1	3	2	1	5
"OXC7480"	"OXC7480"	7	17	2	15	23	3	12
"OXC7481"	"OXC7481"	2	1	12	3	2	1	5
"OXC7482"	"OXC7482"	1	4	2	2	6	3	17
"OXC7484"	"OXC7484"	4	7	10	4	1	7	1
"OXC7485"	"OXC7485"	7	2	5	2	10	3	6
"OXC7486"	"OXC7486"	2	4	1	2	7	1	5
"OXC7487"	"OXC7487"	7	17	2	15	23	3	12
"OXC7488"	"OXC7488"	2	1	12	3	2	1	5
"OXC7489"	"OXC7489"	2	1	1	3	2	1	5
"OXC7490"	"OXC7490"	1	3	6	4	3	3	3
"OXC7491"	"OXC7491"	9	2	2	2	11	5	6
"OXC7492"	"OXC7492"	9	2	2	2	11	5	6
"OXC7493"	"OXC7493"	7	17	2	15	23	3	12
"OXC7494"	"OXC7494"	37	NA	292	28	NA	25	147
"OXC7495"	"OXC7495"	33	39	30	82	113	47	17
"OXC7496"	"OXC7496"	4	7	10	4	1	7	1
"OXC7498"	"OXC7498"	7	4	2	2	11	3	5
"OXC7499"	"OXC7499"	2	1	12	3	2	1	5
"OXC7500"	"OXC7500"	24	2	2	2	10	3	3
"OXC7502"	"OXC7502"	24	2	2	2	10	3	3
"OXC7503"	"OXC7503"	1	6	22	24	12	28	1
"OXC7504"	"OXC7504"	2	1	2	3	2	1	5
"OXC7505"	"OXC7505"	7	53	2	10	11	3	3
"OXC7506"	"OXC7506"	33	39	30	79	104	85	17
"OXC7507"	"OXC7507"	9	2	4	62	4	5	6
"OXC7508"	"OXC7508"	2	1	1	3	2	1	5
"OXC7509"	"OXC7509"	6	4	5	2	2	1	5
"OXC7511"	"OXC7511"	24	2	5	53	23	3	1
"OXC7512"	"OXC7512"	2	1	12	3	2	1	5
"OXC7513"	"OXC7513"	2	4	2	4	19	3	6
"OXC7514"	"OXC7514"	2	1	12	3	2	1	5
"OXC7515"	"OXC7515"	9	17	5	10	350	3	3
"OXC7516"	"OXC7516"	8	17	5	2	10	59	6
"OXC7517"	"OXC7517"	2	84	2	68	2	68	5
"OXC7518"	"OXC7518"	7	17	2	15	23	3	12
"OXC7520"	"OXC7520"	7	17	5	2	10	3	6
"OXC7521"	"OXC7521"	24	2	2	2	10	3	3
"OXC7522"	"OXC7522"	33	39	30	82	113	47	17
"OXC7523"	"OXC7523"	2	3	95	2	4	1	5
"OXC7524"	"OXC7524"	2	4	1	2	7	1	5
"OXC7525"	"OXC7525"	2	4	1	2	NA	1	5
"OXC7526"	"OXC7526"	2	1	21	3	2	1	5
"OXC7527"	"OXC7527"	1	6	60	24	12	28	1
"OXC7528"	"OXC7528"	9	25	2	10	22	3	6
"OXC7529"	"OXC7529"	2	1	12	3	2	1	5
"OXC7530"	"OXC7530"	2	1	1	3	2	1	5
"PW1"	"PW1"	33	38	30	82	104	85	68
"RM1221"	"RM1221"	8	10	2	2	11	12	6
"RM4099"	"RM4099"	63	164	183	188	27	266	18
"RM4931"	"RM4931"	123	182	160	206	233	217	138
"S3"	"S3"	8	10	2	2	11	12	6
"UCT046_R"	"UCT046_R"	NA	223	NA	253	305	263	168
"UCT047_R"	"UCT047_R"	NA	NA	NA	NA	NA	NA	NA
"UKZN015_R"	"UKZN015_R"	8	10	2	2	11	NA	6
"UKZN016_R"	"UKZN016_R"	33	39	30	79	163	47	292
"W260a"	"W260a"	175	251	216	282	359	293	102
